1024
1234
0 1 2.591535636756987
1 2 2.8281947647772543
2 3 4.751325054974304
3 4 3.0027425378627264
4 5 3.4113139122386493
5 6 3.5263234346724044
6 7 2.5842561904942585
7 8 4.580072690178758
8 9 1.2524433146949856
9 10 3.4128146641811306
10 11 2.576871150258543
11 12 3.6802647624305087
12 13 4.596553125046972
13 14 3.583663280636113
14 15 4.484392402833078
15 16 1.5638180580517833
16 17 3.6051819790223076
17 18 1.2552528633106013
18 19 4.011029738658553
19 20 3.0958978379873945
20 21 3.424428956595682
21 22 2.6959063164413166
22 23 4.462247198191047
23 24 3.5153633500177843
24 25 3.8711445314815776
25 26 1.8362709590378703
26 27 4.098883246976932
27 28 2.843452469161428
28 29 2.771345094838276
29 30 1.9206137130720569
30 31 1.9785040716201658
31 32 2.9372183201480766
32 33 4.34427350754168
33 34 3.9533037455688835
34 35 4.246837358398021
35 36 4.164984525818108
36 37 1.5217108762720484
37 38 1.2327268902447606
38 39 1.1774209662756805
39 40 3.1985753459481407
40 41 4.747799438821318
41 42 1.4483024450185806
42 43 2.970560332692729
43 44 3.3152158702843337
44 45 3.3106945190456267
45 46 1.4806566140185122
46 47 4.494496424683371
47 48 2.7086313167986313
48 49 1.2214570284812694
49 50 4.323330573576138
50 51 1.07284702222509
51 52 2.882502525071208
52 53 1.5715508830357634
53 54 1.9238458203162918
54 55 4.758874039336843
55 56 1.856636336723687
56 57 4.613918386466306
57 58 4.067145556208278
58 59 3.7589469465244827
59 60 3.6785082936892293
60 61 1.3589350106191067
61 62 1.2301999560494719
62 63 4.161574157182913
63 64 4.125399455698256
64 65 4.852872988923192
65 66 1.4388244750290449
66 67 1.9253020697082865
67 68 2.234408770555913
68 69 1.832914912496486
69 70 3.0702029338632135
70 71 2.4984795957895938
71 72 2.8434400561474016
72 73 3.2556219717606174
73 74 3.2234892406109634
74 75 3.9818282171242707
75 76 4.694419021965945
76 77 2.7826039088428507
77 78 3.418282852109906
78 79 1.778420227312734
79 80 4.817873080933358
80 81 2.2584252444816295
81 82 3.095423599966711
82 83 3.6280400072237953
83 84 3.969982850776583
84 85 4.404720710868947
85 86 3.810800684279418
86 87 4.859896035739454
87 88 2.8291619013316
88 89 2.8342146736380736
89 90 1.0284771413418725
90 91 2.8148105459442245
91 92 2.722837360618931
92 93 2.44739145882149
93 94 1.7096845705337396
94 95 2.077988105951368
95 96 3.792316515786621
96 97 4.488773863294638
97 98 2.454888730987087
98 99 2.919092360553161
99 100 4.942812936686401
100 101 2.1962124417911646
101 102 1.9557972896420872
102 103 1.4433778786180396
103 104 1.7908803349415954
104 105 1.0306456554902752
105 106 4.754694233784837
106 107 4.187083594878819
107 108 3.521783852785509
108 109 4.762191642908798
109 110 4.786748317417455
110 111 2.724151874536205
111 112 4.478842385327098
112 113 2.5784553832403265
113 114 2.1302775796201567
114 115 3.3612063774767633
115 116 3.40709192187503
116 117 1.7451575126652408
117 118 1.5424762059909303
118 119 3.4519340227618334
119 120 1.2203788756400455
120 121 1.323092086207755
121 122 1.349341342670685
122 123 3.234944332385246
123 124 2.4781051844621267
124 125 4.990364176875222
125 126 2.4528757985524856
126 127 1.0431921819754768
127 128 1.7590637830733105
128 129 1.3388331375886144
129 130 4.859410859879848
130 131 2.435369945708542
131 132 1.8984414021669553
132 133 1.3077508574000536
133 134 4.314308402618841
134 135 4.239262003896567
135 136 1.2704874753464832
136 137 4.580375086828467
137 138 2.441149859229774
138 139 2.8967690327893165
139 140 4.509334064864141
140 141 3.7373291151744863
141 142 4.1000234391622685
142 143 3.1465885102956777
143 144 2.1981852161488793
144 145 3.4984247303846105
145 146 4.014268704222843
146 147 3.33993076523473
147 148 3.3687902886305805
148 149 1.330974161724543
149 150 2.444075290750109
150 151 4.08023233164504
151 152 2.410185907658417
152 153 1.1617025436379556
153 154 3.150046775431084
154 155 2.8567756057534477
155 156 4.944532598976588
156 157 2.4868206849372982
157 158 4.63860356129556
158 159 3.768333487493497
159 160 1.2073502954105404
160 161 3.1694569641667223
161 162 1.0589751722573735
162 163 3.993995916030494
163 164 4.6754125028235
164 165 2.037983944065867
165 166 2.299434374532704
166 167 2.347395610026776
167 168 2.549104250757977
168 169 2.054833215294968
169 170 2.051837198267706
170 171 2.3266487517565952
171 172 3.190691848668127
172 173 1.758775703787868
173 174 1.3376189785463448
174 175 4.052111305306008
175 176 2.3002582687573256
176 177 3.9297609584154642
177 178 4.885478113798014
178 179 3.3300656733460507
179 180 2.4528757466119506
180 181 3.47269906511811
181 182 1.4874228020575617
182 183 4.7531987876874275
183 184 3.5735779709175577
184 185 4.428462774153033
185 186 1.7800750698195031
186 187 4.845930277838422
187 188 2.392338841639855
188 189 4.765673662253837
189 190 4.019165058439979
190 191 1.0029389434043314
191 192 4.453072744660658
192 193 1.1261734201012996
193 194 4.201390924488076
194 195 4.335477324293597
195 196 1.637406084797521
196 197 3.3897812102711917
197 198 3.795227421512055
198 199 3.238660841450216
199 200 3.436354635800912
200 201 3.22301413166271
201 202 1.00296924366654
202 203 4.860428940751416
203 204 3.1562754513071876
204 205 3.9702460441338445
205 206 3.4716318419891037
206 207 4.03936749632595
207 208 2.9466757086484696
208 209 3.654888234792745
209 210 3.452925800987412
210 211 4.877885028630322
211 212 3.5663551737514614
212 213 3.3220125036267163
213 214 3.1854739622206543
214 215 3.078393366233293
215 216 4.280373634144299
216 217 2.0882688225078
217 218 1.1849412731684668
218 219 3.848669910093657
219 220 3.4679882885778515
220 221 2.395454726012123
221 222 3.0026963909896924
222 223 3.037017564410464
223 224 4.949723158805115
224 225 1.4479148530836268
225 226 1.190863076804538
226 227 2.0366421515561766
227 228 3.7474724886166624
228 229 1.3031759446557998
229 230 1.6636810449665829
230 231 1.4010699206823465
231 232 2.9563150083823535
232 233 3.9472744586431476
233 234 4.955101362061768
234 235 3.8764475115312798
235 236 2.348942832684591
236 237 2.8983302562373843
237 238 1.7552900670495033
238 239 4.174368480179374
239 240 4.3391260444665605
240 241 2.6030318620785287
241 242 1.0709190441549459
242 243 4.254921518758499
243 244 2.6977019680726344
244 245 4.412522961638161
245 246 3.169282088826165
246 247 4.98222093551526
247 248 4.262183811444936
248 249 4.232382229328598
249 250 4.073469745666607
250 251 3.3735965189451176
251 252 2.774936021166811
252 253 2.543758606982221
253 254 4.433284905137706
254 255 3.089330545180081
255 256 3.3347650479347064
256 257 3.2109391401282954
257 258 4.669509897116435
258 259 3.1839629759761983
259 260 1.094015203066772
260 261 1.9383795713621343
261 262 3.2514526347393873
262 263 1.9879541538452483
263 264 1.4319587299894825
264 265 2.3347988248858083
265 266 3.48317655580766
266 267 1.40506597190579
267 268 1.931101664502057
268 269 4.544382368819882
269 270 1.7443245758035846
270 271 2.641930671949687
271 272 3.792978094457315
272 273 2.9023064375268097
273 274 4.75345401149062
274 275 2.808646784346857
275 276 2.417407709712875
276 277 3.8664244454979015
277 278 1.7321745883891384
278 279 4.1932428571945035
279 280 1.994400850467306
280 281 4.29796730440269
281 282 4.014325397229371
282 283 1.954399344119878
283 284 2.0155564673736417
284 285 3.39372417182442
285 286 2.311112348452383
286 287 1.4579736588865488
287 288 3.1017335626358493
288 289 4.783107161556883
289 290 4.621655487741078
290 291 3.8031108429189504
291 292 2.5999885538796157
292 293 2.153305624222133
293 294 2.0046131553734527
294 295 2.8326456837461227
295 296 1.2333995080245246
296 297 2.0470368430784145
297 298 3.3278225367018246
298 299 1.7274855800086564
299 300 4.615190940296921
300 301 4.694790305229549
301 302 4.6273873006894375
302 303 1.6561109110141552
303 304 1.9743362838690617
304 305 2.0876500516497596
305 306 3.442174060678319
306 307 4.036832725694649
307 308 1.5049762929862136
308 309 4.301058878650976
309 310 2.7099578165348213
310 311 3.328709930558566
311 312 4.302486330308802
312 313 1.5255080065531583
313 314 2.8225502669940066
314 315 1.9606125666538525
315 316 4.857311193758303
316 317 4.159086420990697
317 318 2.65381703740703
318 319 3.3426794316718715
319 320 2.1637408596615413
320 321 4.945705533684034
321 322 3.182153646968558
322 323 1.5806328238489131
323 324 2.1836037725918414
324 325 4.971596462322582
325 326 4.037009887033241
326 327 4.944899244460169
327 328 3.161524456714282
328 329 4.705018395442737
329 330 2.0173754883945865
330 331 1.8917066035246566
331 332 2.8861316363919847
332 333 4.383320344521444
333 334 4.764341917303973
334 335 1.0745995138562914
335 336 1.4992090846983572
336 337 1.5040200573759792
337 338 2.639299664255275
338 339 4.333783111743747
339 340 1.5994035431914182
340 341 3.265163811880625
341 342 1.6611315647997684
342 343 2.8325263392005176
343 344 3.0320792339677602
344 345 4.923508246595274
345 346 1.4914288992888864
346 347 2.0696529500258847
347 348 3.5495721618938165
348 349 4.558445192722324
349 350 4.997777914838932
350 351 4.843641938854438
351 352 1.1396436095081195
352 353 1.7345446736025987
353 354 2.1536777613624065
354 355 3.2137936087792527
355 356 2.2009041359833423
356 357 4.4373688922334065
357 358 4.616787548634191
358 359 1.5022632059938021
359 360 1.2232802471726045
360 361 4.596209976953881
361 362 2.0493656917855305
362 363 4.497972758375694
363 364 4.58134431263274
364 365 2.385415766532175
365 366 1.325442433039702
366 367 3.2346992922192546
367 368 4.2511297693567425
368 369 2.029302614407039
369 370 3.039261673343229
370 371 3.21686550357563
371 372 1.2493516989635114
372 373 4.237796400404452
373 374 2.4104750373874237
374 375 1.5019596167458036
375 376 1.9332164837881924
376 377 4.677639561328695
377 378 4.820340853422998
378 379 3.99599286329831
379 380 4.213137710472449
380 381 1.375251210757897
381 382 1.6721310911183567
382 383 1.6170607118338594
383 384 3.664064518116153
384 385 2.656121308724432
385 386 1.4500120684306648
386 387 2.5859556980764347
387 388 3.786703601948359
388 389 2.9195204533384507
389 390 1.0728434293060145
390 391 3.901934471874339
391 392 2.4657669026709077
392 393 4.181193078593441
393 394 4.425337700734827
394 395 4.904670505434657
395 396 2.010523292192852
396 397 1.1642084502513423
397 398 4.477522782718832
398 399 1.9328836792101578
399 400 3.3336923810054233
400 401 4.391259004326862
401 402 2.9568792543421067
402 403 1.947761106435479
403 404 3.2563463370347234
404 405 4.546482985919304
405 406 2.094528174346594
406 407 2.7695332429421744
407 408 4.283770091839191
408 409 4.254355136174405
409 410 3.399442411363784
410 411 4.369716664724837
411 412 2.4981407356782377
412 413 2.982987539432984
413 414 1.501331807462798
414 415 1.8167289979837262
415 416 2.4741407428819
416 417 3.6033285811550986
417 418 3.1382463132085556
418 419 1.2413923445655657
419 420 1.4109015764611046
420 421 2.732126895274695
421 422 4.189820173389313
422 423 2.3963025440102443
423 424 1.7317713618658823
424 425 4.238531999357599
425 426 4.271606126105811
426 427 3.781055193263521
427 428 3.818803348133328
428 429 2.0183657286225865
429 430 4.359851314005594
430 431 1.8633101185766865
431 432 1.310123206962118
432 433 4.023968111868553
433 434 4.856054884073682
434 435 3.1489816518002867
435 436 4.67634167579882
436 437 1.7551899055449933
437 438 3.478414495477337
438 439 4.615476245082002
439 440 2.476997297284332
440 441 1.502236923442824
441 442 1.5424811031244272
442 443 4.516864489882865
443 444 4.3559390440357815
444 445 1.8752233259721107
445 446 3.5577783862215697
446 447 1.2439228671432487
447 448 2.3261714264537585
448 449 3.686964658512037
449 450 1.879105144195428
450 451 2.1088509795048065
451 452 1.9750807995077677
452 453 3.016783429292222
453 454 4.633974762642875
454 455 3.965420900066742
455 456 1.6627899094790708
456 457 2.9578529006472323
457 458 2.2630357527546257
458 459 3.495426316208441
459 460 1.6741892280837325
460 461 1.6711769825317422
461 462 3.6164937165638835
462 463 1.6958092002966763
463 464 1.1589890221183983
464 465 3.283028978157478
465 466 2.5693797984347757
466 467 1.0491753485548325
467 468 3.7659846503175345
468 469 1.2799744060654565
469 470 2.780987146444176
470 471 1.5466658227789858
471 472 3.113438912886962
472 473 1.37655660671799
473 474 4.373910139571038
474 475 1.3298895559844421
475 476 2.9036925783484517
476 477 4.517259431455707
477 478 2.50059040146935
478 479 2.7675580076271475
479 480 3.2550520216694903
480 481 2.0938458283112746
481 482 4.530888891424842
482 483 2.325898154462549
483 484 2.3746853687541836
484 485 1.239883295951124
485 486 3.707676393751518
486 487 2.6818985567604154
487 488 2.9710815513474786
488 489 3.6914089236556067
489 490 3.0998569105702907
490 491 2.145431731265006
491 492 1.2949545344076134
492 493 3.340531693014669
493 494 3.5728375048974117
494 495 1.006010930447045
495 496 1.3675015954780587
496 497 2.802761856045935
497 498 1.0172699782722567
498 499 1.9624055564078158
499 500 3.356310636789309
500 501 4.256014491317407
501 502 1.5195277530789877
502 503 3.8001945904562886
503 504 1.9458243988340174
504 505 2.5330785032857905
505 506 1.8167768407150393
506 507 1.8513526492325099
507 508 2.518753915846926
508 509 1.1233765001655898
509 510 4.279518652276653
510 511 3.1052533867412335
511 512 2.7149873857886084
512 513 2.7743899046067884
513 514 1.6346908533890243
514 515 3.885748374827639
515 516 2.789357937210663
516 517 1.1921666934048147
517 518 4.2379075852193555
518 519 1.3604353812901118
519 520 1.6653774322572081
520 521 1.5495414479466576
521 522 4.827476475705658
522 523 2.793589850147377
523 524 2.3027174073553964
524 525 4.287696929602132
525 526 3.210993057710947
526 527 3.3714020968272234
527 528 1.7098218568549264
528 529 1.5698592487475334
529 530 3.699952092431213
530 531 4.756618688298119
531 532 1.6869178903920603
532 533 1.7363241820132242
533 534 3.3459478065101576
534 535 3.2707553635628224
535 536 1.8666805514583662
536 537 1.1915687826953159
537 538 2.340264520389248
538 539 2.90632993750397
539 540 2.2918342134664917
540 541 3.5522667899538516
541 542 3.0516741995494074
542 543 4.333903474613146
543 544 3.890707428043975
544 545 2.7087352864979097
545 546 4.536088602116676
546 547 4.707399019077323
547 548 1.705081376762379
548 549 4.154432880498342
549 550 1.4205656246401857
550 551 1.224526623693985
551 552 3.3079155457952356
552 553 2.663912291691523
553 554 3.4525022637095604
554 555 4.690492458085818
555 556 4.44470304987447
556 557 1.9169081167294593
557 558 4.386628173540813
558 559 1.475164734099231
559 560 1.8384582290222884
560 561 3.4684887573528838
561 562 3.5031086598429777
562 563 3.1029095393202017
563 564 1.450153456785202
564 565 3.4306344596898644
565 566 2.6559546079225007
566 567 1.1538259003813551
567 568 3.608059913167853
568 569 2.2717267567001396
569 570 1.2457323399010498
570 571 4.884946927687933
571 572 4.504201192720219
572 573 1.993485521192167
573 574 3.219380110589433
574 575 2.603273972262332
575 576 3.9222416559245548
576 577 2.5705076481016382
577 578 3.5820114764386854
578 579 3.5266362284725647
579 580 3.1262319879849723
580 581 4.134461765881259
581 582 4.6339410541585
582 583 4.378114567948527
583 584 2.2090454547166156
584 585 1.0115285241233951
585 586 3.09094181528143
586 587 3.651180367315025
587 588 3.6175667576463884
588 589 1.3370098084917479
589 590 1.2190967154064878
590 591 2.681089914955794
591 592 1.8574680682246067
592 593 1.8887445783293138
593 594 3.5334361103367495
594 595 2.4163280604699913
595 596 3.06550543229913
596 597 3.4237001273168235
597 598 3.288848376264445
598 599 3.095128061253058
599 600 3.628392818697529
600 601 4.492098567038649
601 602 2.7320418620659455
602 603 2.692580943488621
603 604 3.8663108247861544
604 605 2.253205321270962
605 606 3.771947375140533
606 607 1.7936806287834144
607 608 2.888578261078645
608 609 2.911371605175876
609 610 4.69899658540407
610 611 2.4167486723091844
611 612 1.457693988698117
612 613 2.05349166101731
613 614 1.9866311847320341
614 615 3.485585874789884
615 616 3.509023796216188
616 617 2.8342846853600316
617 618 4.9796161473428775
618 619 4.818951180563015
619 620 1.988109094799818
620 621 3.27236057292112
621 622 3.948490507876742
622 623 2.993386467827336
623 624 1.1445039867950788
624 625 1.5221726153486936
625 626 3.8037740507619473
626 627 1.679818996825785
627 628 1.259185523275005
628 629 1.0009839306761075
629 630 2.6074591683075017
630 631 3.9145373778198875
631 632 4.550373940639407
632 633 2.762268435658832
633 634 3.1390486716130144
634 635 3.2485821295693365
635 636 2.24500190019982
636 637 2.2235811276672095
637 638 2.24124296602288
638 639 2.268382386914597
639 640 1.7819216679279277
640 641 3.6689120695054944
641 642 1.6157338494952018
642 643 1.256212991093205
643 644 3.4594641248694087
644 645 4.821487369968576
645 646 1.249644109884723
646 647 1.7773647941794368
647 648 3.5115760661275677
648 649 3.8107638469960317
649 650 1.4725721662917306
650 651 1.6182153516578293
651 652 4.222335495445824
652 653 3.301985249205054
653 654 4.954801091345838
654 655 3.234732005314684
655 656 4.932889464993055
656 657 3.0012913970771384
657 658 1.369932644777002
658 659 1.8744414371660199
659 660 3.815429782425871
660 661 4.254392401564001
661 662 3.6374852751471036
662 663 3.019069206323429
663 664 1.1211228823785233
664 665 1.8976011992961532
665 666 3.46377819922745
666 667 1.9688916706354784
667 668 1.5023471389809457
668 669 4.122158591198124
669 670 4.721112459724289
670 671 4.101158497822057
671 672 4.0388344002627505
672 673 3.1127439571800974
673 674 3.155302200149897
674 675 4.210000525975435
675 676 2.4090126455437484
676 677 4.524029521259865
677 678 2.68906745293884
678 679 4.58606659268376
679 680 1.6909339045430345
680 681 1.2181379642117172
681 682 3.6266522220032242
682 683 1.1814271314720726
683 684 4.8876306233058395
684 685 1.4083828892617132
685 686 3.080917393910543
686 687 3.095304941406483
687 688 1.842933199608034
688 689 2.802610402829239
689 690 4.869648263067788
690 691 2.864872967242251
691 692 1.5439030043240631
692 693 2.0271433306498405
693 694 2.601729648294817
694 695 4.798418668531427
695 696 3.479856031184701
696 697 3.319955065988484
697 698 4.267875753331451
698 699 1.4460294250858445
699 700 3.398466654200234
700 701 3.341944797844315
701 702 4.610071086892129
702 703 4.530938234882371
703 704 4.013081149678625
704 705 2.8841837132950308
705 706 2.9349738743629628
706 707 3.8580391747321863
707 708 3.518188980713123
708 709 2.836193147029027
709 710 3.2734753195333264
710 711 2.897531731262966
711 712 2.1034097276320196
712 713 3.579110106874487
713 714 1.4426271724392286
714 715 1.94893516051106
715 716 4.12231807606417
716 717 4.96124766493724
717 718 2.0290760325799417
718 719 2.4317519198661026
719 720 4.304689230090853
720 721 4.137840977420369
721 722 3.4107412924335234
722 723 1.3626221386568629
723 724 3.6119526391871837
724 725 2.2279855579444527
725 726 1.5684864580021265
726 727 3.04439794809769
727 728 1.4956045603947374
728 729 1.3230942745786871
729 730 1.1107503354045898
730 731 1.1424935753317187
731 732 3.616113408451141
732 733 4.8529018084813655
733 734 3.090288208748777
734 735 4.374248149604419
735 736 1.3569943522968129
736 737 1.320558577144903
737 738 3.8568542556999303
738 739 4.622131951045117
739 740 1.3371853743629867
740 741 3.8396049110118016
741 742 3.921298442652125
742 743 3.1133578788620233
743 744 1.8867801464548526
744 745 4.659607625566769
745 746 4.724908973425306
746 747 2.3713590917266965
747 748 1.300287894597941
748 749 2.7513128719269635
749 750 3.1179582761443827
750 751 2.8936351417118655
751 752 1.604218326221373
752 753 2.4464224312427496
753 754 3.2244613519522347
754 755 3.218481935730514
755 756 4.133068228246495
756 757 1.6389026912671802
757 758 1.3731741454488038
758 759 2.972492775723958
759 760 4.825269177083097
760 761 1.2241080846011787
761 762 4.836850668178425
762 763 3.8245236282930213
763 764 4.115393962633478
764 765 3.3071127732829
765 766 4.147294075376783
766 767 3.2698673699388503
767 768 2.851206530056435
768 769 3.7493645027571443
769 770 1.1782148308752012
770 771 4.4222784022007735
771 772 3.7084603434812387
772 773 4.177411029089931
773 774 4.769420213951011
774 775 3.572020242223573
775 776 4.728832507941339
776 777 2.6258553948982093
777 778 4.470856498042609
778 779 1.570679383502581
779 780 1.8768630377705344
780 781 2.903295590905103
781 782 1.085154570697843
782 783 1.0588308899719001
783 784 1.320116387735046
784 785 4.340687338941706
785 786 1.4816668146912537
786 787 1.9300041942646327
787 788 3.3067626206431564
788 789 4.998735544274329
789 790 1.6687179306818019
790 791 2.106213572550441
791 792 4.447311477024357
792 793 4.701128032439624
793 794 4.578298588431236
794 795 1.7205712630220824
795 796 3.0290983609544897
796 797 1.7437229201812379
797 798 2.348811455184545
798 799 3.078925239885863
799 800 3.652429209140462
800 801 4.75626758161898
801 802 2.3930509536282027
802 803 1.0264147330553186
803 804 3.495632572617298
804 805 3.8835488078331464
805 806 2.3564366028536243
806 807 4.784567294891553
807 808 1.080585299274036
808 809 2.2431140097774733
809 810 1.4070187192977746
810 811 1.8791976569768432
811 812 2.7103133864279365
812 813 1.2986195547537545
813 814 3.4477774998623003
814 815 4.130013737979098
815 816 1.2173005924261817
816 817 3.1994774674480118
817 818 4.121221377818535
818 819 1.7092796080597843
819 820 2.652718576179715
820 821 1.5330036710839674
821 822 4.130945153426921
822 823 1.2648816780337846
823 824 3.130265396288468
824 825 1.9573052888690614
825 826 3.3720155371266913
826 827 1.7505603282024405
827 828 3.655102666664537
828 829 4.935267406540186
829 830 1.9114103665650513
830 831 3.130824047735654
831 832 2.351698872002272
832 833 4.846067115704676
833 834 4.409109141011452
834 835 1.5831863114437872
835 836 1.2837281589298986
836 837 3.3641928505154612
837 838 3.6427140822184225
838 839 3.385440943214892
839 840 2.3694092627762946
840 841 4.862442126668687
841 842 1.8453532247978162
842 843 2.3057615104023625
843 844 1.9157064831541377
844 845 3.2508417112839902
845 846 4.592008490632885
846 847 3.8142128419532484
847 848 1.648350607411348
848 849 4.316989428623884
849 850 4.285189627930881
850 851 2.4617567352135743
851 852 2.573181643866566
852 853 2.340383483986119
853 854 4.808001541924981
854 855 2.0198661678903402
855 856 3.02784365299413
856 857 2.0341848587216047
857 858 3.1991810137063634
858 859 2.5642955200555106
859 860 4.482555311109847
860 861 2.4901226714162314
861 862 4.0641913494981186
862 863 3.924769876089438
863 864 3.2696120800915027
864 865 2.0802438407417165
865 866 2.028076259257733
866 867 1.6548332388772518
867 868 3.5305978629242425
868 869 4.175719576071292
869 870 2.1296836603953793
870 871 1.7013306212628772
871 872 1.0950660036687605
872 873 2.2874036540595197
873 874 4.413476491327828
874 875 4.663245772702309
875 876 3.100823092149954
876 877 4.675112090979651
877 878 1.0055357004151562
878 879 2.557584484418476
879 880 4.383705931444904
880 881 1.229300477805047
881 882 2.2307999298322603
882 883 1.1118174811394583
883 884 2.6713603545397344
884 885 3.853539469975264
885 886 2.363962627911923
886 887 3.8429933487098817
887 888 2.9394257834555817
888 889 4.011710351662184
889 890 3.625384340791627
890 891 2.467434102318756
891 892 4.959409169781321
892 893 4.397540928481719
893 894 1.5606255320388431
894 895 1.3710894322520542
895 896 1.1947194597053712
896 897 2.185234091043141
897 898 3.5710366344971547
898 899 1.1388269325580578
899 900 4.590056510823205
900 901 1.4668105069997535
901 902 2.3306301145579678
902 903 4.692779244395229
903 904 3.926868903750133
904 905 2.504702615632463
905 906 3.42808114280291
906 907 2.9859104539094137
907 908 2.827109509443899
908 909 4.163500253342548
909 910 1.93860281067544
910 911 2.7510496273557017
911 912 1.1633866256592094
912 913 3.8910711761504415
913 914 1.9189488701598871
914 915 3.4561853798167053
915 916 4.865171777434332
916 917 3.289454298678753
917 918 2.5977524396824747
918 919 3.037444243118302
919 920 1.9925408260836877
920 921 2.1018774051816913
921 922 2.1265488387858262
922 923 2.1999429823759185
923 924 1.150363959146059
924 925 4.073271663205743
925 926 1.1715153870360173
926 927 2.4678315736757286
927 928 2.1734177952382905
928 929 3.3711761991293026
929 930 4.272731260380029
930 931 4.213998657950614
931 932 3.8783532757395958
932 933 1.010918123639874
933 934 4.402276867173336
934 935 2.0861207012066574
935 936 4.046320681022992
936 937 3.519087919030362
937 938 1.6394551188395958
938 939 2.09207313902788
939 940 1.845281292975065
940 941 4.711803870195567
941 942 1.6536893600064726
942 943 4.257198155421845
943 944 1.8223707173117973
944 945 4.557922525417698
945 946 2.2357966560026763
946 947 3.7700977905807425
947 948 1.1877735043546025
948 949 1.0091192667084763
949 950 4.519836438505921
950 951 3.2644316626660936
951 952 2.1473874235937402
952 953 3.878695003141338
953 954 4.2041536837282845
954 955 1.46308687033758
955 956 2.3737186279322247
956 957 3.8577476204127183
957 958 2.239413330205017
958 959 3.3166799996660687
959 960 4.691165489195916
960 961 3.2169082908603635
961 962 4.172685282252046
962 963 3.6867176390567264
963 964 2.138068710313721
964 965 2.5693196539223644
965 966 3.2622877911526893
966 967 4.788662865472594
967 968 1.2737333301880134
968 969 2.9763402662016656
969 970 2.7681252583931477
970 971 1.8168803544521306
971 972 2.72306951607915
972 973 1.409972319082394
973 974 1.2111390969965967
974 975 3.072202229440408
975 976 3.6572885991579747
976 977 4.236166100106704
977 978 1.9365466084004668
978 979 2.568841750755492
979 980 2.873279622919719
980 981 4.003893069845336
981 982 1.3491318691419805
982 983 2.2647911564121537
983 984 2.1793884591426793
984 985 2.2891945657453805
985 986 2.167479320330614
986 987 2.454342592404148
987 988 4.336672148494565
988 989 3.0120232876044666
989 990 4.754754421500783
990 991 2.3481509688872713
991 992 1.0868262096488173
992 993 2.4746531766378914
993 994 1.535164371601533
994 995 2.569364558293719
995 996 1.9507848018297849
996 997 2.3507130033522143
997 998 2.539896851394059
998 999 1.2253042398428047
999 1000 1.690267231733623
1000 1001 2.4296418202791
1001 1002 3.649972287031457
1002 1003 1.459000370805723
1003 1004 1.7169959715194252
1004 1005 1.444930287186971
1005 1006 3.1704127727039486
1006 1007 2.748785340334427
1007 1008 2.8027901436387297
1008 1009 1.1727189141237555
1009 1010 1.5036896552628911
1010 1011 3.4230470730753826
1011 1012 1.3790282116142616
1012 1013 1.7540513042250292
1013 1014 1.3094012162644835
1014 1015 2.8226939276260237
1015 1016 4.243004638888188
1016 1017 3.5640742956050757
1017 1018 1.2614250715195876
1018 1019 3.42809116973452
1019 1020 2.6970360523607955
1020 1021 3.80294525392677
1021 1022 3.0538300789136823
1022 1023 2.2312207079394555
340 722 4.20123869478264
650 619 4.1474353375864155
901 712 3.4820411665322046
162 261 4.222568730381362
499 353 2.689256056289073
739 834 4.011450377631419
122 581 4.392055461275996
786 74 1.5189309401830529
38 799 3.1897669768436376
894 102 1.3001624812302826
456 721 2.5351695377367824
963 571 4.2165413978903405
128 943 4.9864313411024135
240 245 4.423808261579312
712 405 1.1011246259427692
460 680 1.6819850580759441
81 294 2.4634273596185987
468 935 1.1979442495199737
281 528 3.856965912719747
443 295 3.346651402447821
962 558 4.794430543445753
735 944 3.6655398724498305
635 274 4.640533826945573
298 548 4.307255635112133
238 861 1.0653091146620586
222 612 4.488336120410266
777 544 1.1232250898861396
667 612 2.086645441926047
951 912 1.4881262704274207
206 758 2.95526899040317
850 303 1.8307762368752392
794 523 2.5103283501394213
1003 1005 4.590906628574221
204 846 4.8301183733082
289 634 2.4539367298701684
19 564 1.4584648658942712
1004 792 3.550520160187597
994 984 1.8204302189118788
791 857 2.508215685414719
354 516 4.877645523347237
840 634 4.493016972694072
970 30 4.449307880129857
634 763 2.401962629208314
202 343 2.4592609815611954
1020 795 4.9236739611241775
749 870 4.4320232217357685
193 546 3.174800126299002
974 654 3.2043146469543475
303 336 2.7734690782564457
551 904 4.403077175533564
838 644 3.586532676001568
792 1018 3.0702475261150566
367 57 3.5363954711169145
120 432 4.685849640405602
38 493 4.851235645742218
767 696 3.8100471901157946
988 147 3.0047460849163006
631 864 2.11771113125454
617 732 2.3261618306143768
890 491 2.5135475503230906
141 120 1.2516535148813266
825 469 2.5491478785597916
105 35 3.9338169176786604
247 928 4.628008376437273
778 503 3.67743041111929
714 672 2.171879604041307
798 813 4.935751215920654
987 456 1.9424923870695388
542 675 3.133787270192433
588 124 4.951858936160535
274 134 4.147129360721628
1017 949 2.419641551552883
605 476 3.456549492270035
961 612 3.110462044172348
831 420 4.336599962568133
324 441 4.060487766685077
963 888 1.740225623576884
864 959 1.6810670355839834
953 120 3.4868612163535584
220 608 1.5467495479840125
177 825 3.988611555052633
680 741 2.5276416823536856
302 265 3.8412713881592824
439 399 4.471755314607656
794 251 1.07750930965934
153 366 3.264751878052936
783 789 2.653945590329612
165 36 4.461560116952542
681 304 3.1668444930885626
379 661 2.8223764526632267
405 675 2.2099612697615276
30 833 3.5519316370017635
242 367 2.8239327339149014
154 70 1.7698893134564386
455 538 3.96898886329721
166 642 4.761525877921494
67 572 2.0308404758402565
581 592 3.8660740702964898
246 628 1.097939477143448
676 44 3.0042367883995986
603 301 4.2188844189925305
455 930 4.136461821530162
962 1019 3.5052002964802425
807 353 3.2149201937364165
855 961 2.686056391697839
975 371 1.3531514588848341
322 543 1.1677346260897958
852 154 3.602638751953619
903 384 1.4864196557704759
596 884 1.1081858496636787
712 705 3.772152959798198
310 887 3.8584703200488053
345 391 3.42638319816195
219 345 2.922020562834982
779 1009 2.6082754057221194
115 356 2.0531542674014385
229 675 2.6857763516763153
1002 137 4.160964852885579
1008 755 2.125212102975732
143 1011 1.5398125609670563
423 1000 1.2577580634209822
553 288 3.198185569853304
846 872 4.7068120755477185
259 676 2.0870089837752572
1022 374 4.560608430704194
405 201 1.7052028193854483
387 855 4.75355215354241
227 195 1.1836282129249134
620 326 3.590870898715221
132 614 4.869164563761616
306 893 4.056574554321218
887 41 1.5628177410587396
944 248 3.13315158606904
200 841 1.3173333756712808
474 477 1.0107574669655675
452 320 3.261356878047154
83 25 4.752230915508096
118 857 1.9452478900612524
6 767 2.6700519056767704
538 201 1.1837316304581855
396 801 1.6239106890233486
647 408 2.060855881281126
885 321 2.5312942610767024
749 350 4.2370428533843985
903 195 1.3030006006378447
687 702 1.1316073429200824
598 278 3.5874105144241537
460 631 1.631808500929067
561 43 3.6742516380579224
453 593 2.4071696044274318
385 804 1.3296456756862338
654 299 1.0056981947207975
399 390 1.1168979333777314
21 912 1.7669873794594442
1002 991 4.827565492969634
530 562 3.8239943236223226
426 755 3.888510532629838
943 450 4.145528859544527
53 268 2.310005651698838
449 502 1.7631088681747205
61 167 1.7287296309842848
251 90 3.527842555020319
68 78 3.7330918552205086
229 930 3.2525325315539
189 596 3.8711190457055005
223 668 4.221221019721989
555 804 4.844835264466606
556 35 2.8216997614707657
797 417 2.858406737360172
149 686 4.451983427198192
320 920 3.70800548005484
848 6 3.8588399649824314
712 754 1.7275675636488383
775 271 4.416373004337309
314 74 3.6915074090822126
29 723 4.468411231083698
482 312 3.687482959075809
636 639 2.4287654822268463
565 496 1.2040174623558162
659 1001 4.50335656078709
426 576 2.6113862052955956
877 68 3.7339911383221045
549 426 1.1974824600595717
119 412 3.752549879216137
228 435 1.5765270832221332
655 895 3.8432848929413117
164 270 4.671960281618935
416 261 3.55585994008124
961 238 1.1037721046396154
260 931 2.3547982850596396
316 120 3.6290629242491175
865 668 2.2984074956956584
250 36 2.4495368142240426
315 1002 4.330120462658636
592 383 1.1719099877935628
795 917 1.1297075223417172
440 642 4.896979394364665
560 542 1.4569562490025612
80 217 4.115458131794
497 555 4.221518518458396
279 518 4.424369588225275
25 1003 2.096441275406215
342 492 3.639092644135821
2 11 1.2849785358801475
69 515 4.7675391161799245
878 1010 4.696678342478119
711 503 1.2095832400599038
323 396 3.700645630942675
992 830 4.1619805214633745
367 353 4.693686899360458
317 680 2.4825078226035115
