128
149
0 1 3.9733117939903506
1 2 1.8884151527613873
2 3 1.3274266898196312
3 4 4.954600311445343
4 5 3.22148528430003
5 6 4.986561305652652
6 7 1.028213512216627
7 8 4.961651827642956
8 9 2.2466535040741022
9 10 4.243818269937999
10 11 2.9848062367009054
11 12 2.4122590053799504
12 13 4.717574023921808
13 14 1.842370547292128
14 15 1.4290854201707268
15 16 1.910552506295618
16 17 4.636689518745738
17 18 1.8705728777150044
18 19 4.475557775182665
19 20 3.803928386239016
20 21 4.900252472006162
21 22 1.9699815615191092
22 23 2.3901956239274513
23 24 4.496104080512584
24 25 3.769695712651946
25 26 2.6078605818241773
26 27 3.6323623318757194
27 28 4.256358018780984
28 29 3.8625952068620673
29 30 4.338739944550383
30 31 1.4108372900665076
31 32 1.6577103166206926
32 33 1.256651442222434
33 34 4.6795673618989895
34 35 2.9654711025640057
35 36 3.0231211575167656
36 37 1.3410757890045581
37 38 4.918192737164401
38 39 3.7128144568660466
39 40 1.6636958086737317
40 41 1.650158619102489
41 42 4.678518155542995
42 43 2.3011934023263296
43 44 1.7116255064430095
44 45 3.8625913137917878
45 46 1.3311200944952075
46 47 3.7936262977691904
47 48 4.116998537984558
48 49 1.4319041150470189
49 50 2.1457634846247675
50 51 1.150826780521868
51 52 3.0490064676378346
52 53 2.786061010865273
53 54 3.8103461900895073
54 55 1.4207072021666298
55 56 2.6438929888816207
56 57 1.066219102512206
57 58 2.594606766634687
58 59 4.775804251067006
59 60 1.0055264682881555
60 61 3.337003198962445
61 62 1.3333454529034432
62 63 4.363195467285003
63 64 3.4006920088720354
64 65 4.551498554594151
65 66 3.6279105497027175
66 67 3.961970272588875
67 68 2.8847320424663923
68 69 2.9617952708474915
69 70 1.799195339030907
70 71 2.5344915541463524
71 72 4.803192033128139
72 73 1.5738794873853337
73 74 4.882334031417523
74 75 2.4216350826115067
75 76 3.8643592531966924
76 77 4.885671703406805
77 78 4.632129309913504
78 79 1.5509673876181767
79 80 2.9196310564372765
80 81 4.901127272983164
81 82 2.446724041015877
82 83 2.4758624303063628
83 84 1.915736703713245
84 85 1.9027781533964747
85 86 2.54558099823743
86 87 2.319371623156947
87 88 4.560593685759339
88 89 1.0756289432408255
89 90 2.8450765806349687
90 91 4.116991811860084
91 92 3.914760113070576
92 93 1.81123573603952
93 94 1.4267457625342361
94 95 4.161283078994906
95 96 2.1011037345334693
96 97 1.6553917444099908
97 98 3.893226174734001
98 99 1.4065046830812604
99 100 1.6720630257134759
100 101 2.7755252797699215
101 102 3.2211286558396752
102 103 3.48613158112966
103 104 2.179486755005925
104 105 1.1857786288465948
105 106 2.690813475856995
106 107 3.4952850913176734
107 108 1.0100089782546937
108 109 1.3962726880677723
109 110 3.240735776191594
110 111 1.8655065880755504
111 112 1.4970451004694763
112 113 2.571224233884735
113 114 1.0166848938252868
114 115 1.672578213484278
115 116 4.6627712017077165
116 117 2.4527679244651694
117 118 2.633469935647717
118 119 2.5225268869766864
119 120 1.9908623612810077
120 121 2.833173034021209
121 122 4.884718145156148
122 123 3.262982561667822
123 124 4.23083122157748
124 125 3.850513898754473
125 126 1.5191318749505913
126 127 1.200503830550773
126 73 4.567132797466835
46 38 1.8402912300912608
60 76 4.763028302336158
94 71 4.52063250126297
104 48 3.317026238468336
125 90 4.641673772841726
73 23 1.6884394180387008
67 56 4.852321839773921
109 52 3.347815969710505
59 38 1.132316315532072
27 76 1.9725454423318771
51 45 4.942574896517038
102 123 1.0889907841386517
63 83 3.803709259007828
91 8 2.2080860101892243
48 27 3.6419621703222163
98 83 1.1986881320972125
65 69 3.446622051955078
102 15 3.916802293539184
75 38 2.529311251655134
118 41 2.699710766834558
21 99 1.6948186304011856
