16
120
0 1 3.9168497028711133
0 2 1.5994531686316544
0 3 3.8498950037485944
0 4 1.4768849374831237
0 5 4.601720899177204
0 6 3.68341049610636
0 7 1.2508242985483538
0 8 1.2289783751814158
0 9 3.8841934189790837
0 10 3.403855357910982
0 11 3.9918323464407166
0 12 4.809368775790784
0 13 2.402106511975858
0 14 4.030801467619272
0 15 3.02470345944987
1 2 3.381282143215015
1 3 4.034911955194723
1 4 2.1958102345116193
1 5 3.8433882891730655
1 6 4.479329315754926
1 7 1.2721613025733087
1 8 2.634895060173415
1 9 4.427649679155595
1 10 4.11725256826413
1 11 1.7172771711062942
1 12 1.5858810300004125
1 13 2.2866222663913547
1 14 3.2052713354774114
1 15 3.108071381097747
2 3 3.9713861092900107
2 4 2.0071144226113646
2 5 4.178290467138209
2 6 3.9619295268978805
2 7 3.565479609610346
2 8 2.634432994959411
2 9 3.413580544133218
2 10 4.813793719474495
2 11 4.616465609501022
2 12 1.4546499979683603
2 13 1.8429188015308804
2 14 3.663271182310284
2 15 2.9044785547440966
3 4 3.0023868402173606
3 5 1.0608989489841782
3 6 2.683838257205129
3 7 4.481079121662065
3 8 3.722297088684472
3 9 1.5386127820147864
3 10 2.790077771129084
3 11 3.9642165243242893
3 12 1.1250430804952996
3 13 3.879392470162631
3 14 1.7902539174952548
3 15 1.429333519623114
4 5 1.1440881790917135
4 6 2.378891421304876
4 7 2.325061101244603
4 8 2.7753712656381215
4 9 1.3389228921532976
4 10 3.17616676323801
4 11 1.2170654039815951
4 12 3.3809430531146893
4 13 3.4821849212041003
4 14 1.8146497183715042
4 15 4.841531302325466
5 6 3.8838412491548615
5 7 1.6894916598618326
5 8 3.773876771128409
5 9 4.517181577399869
5 10 2.6821578146503833
5 11 1.5035051263743688
5 12 2.7262789404533176
5 13 3.8004551572008767
5 14 1.5388502969372846
5 15 2.17253289305362
6 7 2.5294533723407424
6 8 1.495568074408527
6 9 3.446463990165513
6 10 4.683850987822957
6 11 3.8904250395535236
6 12 4.5145797233500655
6 13 4.1372884260085705
6 14 1.5142383208984844
6 15 4.935123238193568
7 8 4.9070574651061865
7 9 3.633947619889125
7 10 1.49307513639658
7 11 1.1222829466578306
7 12 1.3504795514449914
7 13 2.896514852630755
7 14 4.115629134523915
7 15 1.3975106529291819
8 9 4.756635033328774
8 10 3.54660896595924
8 11 4.270089004241033
8 12 2.891803564046312
8 13 1.7140335673155103
8 14 1.4499471282146374
8 15 1.812401419049948
9 10 2.8488129984669084
9 11 3.588299937915461
9 12 2.0069476613713118
9 13 1.013629022801192
9 14 2.39961104971236
9 15 4.1768170159314035
10 11 2.4148881846571895
10 12 4.031332761763149
10 13 4.173738286818468
10 14 3.243313598353512
10 15 4.6381257635731945
11 12 1.9175700091747316
11 13 2.196147874942873
11 14 1.182681846911405
11 15 4.531750232330406
12 13 2.1862460455565036
12 14 3.6387112012604312
12 15 4.339235851567876
13 14 4.477238640951189
13 15 4.302104971413511
14 15 2.2309323272744734
