2048
2457
0 1 2.7419723692600546
1 2 1.994676413134933
2 3 4.222464459323733
3 4 3.21166055174419
4 5 1.8600059007698162
5 6 3.513065568136546
6 7 3.1856668592420183
7 8 2.773056716257847
8 9 1.985106804648412
9 10 1.3133877528789455
10 11 4.977579664159208
11 12 4.032739846342501
12 13 4.912324533484053
13 14 1.909698865264808
14 15 3.315648704356133
15 16 4.124721772357846
16 17 1.8892319517423966
17 18 4.607418362696325
18 19 4.687120713346198
19 20 3.234131537246368
20 21 1.8343087658745683
21 22 3.4734653825415607
22 23 3.4528556244456765
23 24 3.0673271008481295
24 25 2.3623149311343816
25 26 3.603034830743536
26 27 1.4095575710091475
27 28 2.9894595122625587
28 29 1.383182034178442
29 30 1.8004126097029172
30 31 3.2079734363290893
31 32 1.3600800723454762
32 33 4.935870195668786
33 34 2.471365936693656
34 35 1.2135389559505003
35 36 3.358652538667582
36 37 3.4656304068131543
37 38 1.3991101880121164
38 39 3.9266520987508065
39 40 2.905694451964479
40 41 1.275012581369194
41 42 3.167745250765323
42 43 2.1612302348325754
43 44 4.883449674224691
44 45 3.5498723436248536
45 46 2.0176678953131986
46 47 3.6610978029533054
47 48 1.0178343481282592
48 49 1.127140320571757
49 50 3.482420619743989
50 51 4.4775539588517415
51 52 3.8773905034336766
52 53 2.115552042167495
53 54 4.327159642604323
54 55 2.0253622193694403
55 56 4.253336541238272
56 57 2.7059624922830596
57 58 4.515790973483785
58 59 3.0029027028782713
59 60 3.0893624593829587
60 61 3.308158752648217
61 62 1.1925443025553806
62 63 4.178787076120255
63 64 4.65887646860063
64 65 3.6129406673523135
65 66 2.715700216707711
66 67 2.2400636086975845
67 68 2.2607472636235255
68 69 3.2827829886037105
69 70 3.7344086378183654
70 71 1.1019077086548332
71 72 1.1724741943818908
72 73 2.4378446097694373
73 74 2.4133352706458546
74 75 1.1051220869167002
75 76 3.011931882868757
76 77 1.4115524829394
77 78 4.537028791656612
78 79 3.9231773504787606
79 80 3.4232767218859057
80 81 3.252854895871023
81 82 2.670210917309025
82 83 3.682277816556582
83 84 2.4582752829460435
84 85 2.8641598901632674
85 86 1.4155994273424373
86 87 1.5329102009705702
87 88 2.3837933029123883
88 89 1.1689901073868039
89 90 1.8914436766961629
90 91 4.686063406856652
91 92 1.5733089236341447
92 93 1.5123884612470677
93 94 3.7574186106687173
94 95 3.368060475694328
95 96 2.4018443737027018
96 97 3.075541638447908
97 98 1.6694582313980417
98 99 1.2771106271506207
99 100 1.2928058073427677
100 101 3.1162151174165564
101 102 1.3216028250207774
102 103 3.493152889470619
103 104 4.838203501280413
104 105 3.0820560096163505
105 106 2.980222210339402
106 107 1.82241059613236
107 108 2.198969252625509
108 109 3.4899742275612007
109 110 2.4263637335069737
110 111 1.3565719699069145
111 112 2.0725174719027075
112 113 4.082570152376861
113 114 4.22851499870236
114 115 3.204775013838011
115 116 3.0692341725268384
116 117 3.8214502606745273
117 118 2.355343370671884
118 119 2.7251257846980272
119 120 1.285208770313007
120 121 4.397784937392722
121 122 4.993169044974545
122 123 1.9117466421515945
123 124 2.764240208525212
124 125 2.244457321688437
125 126 1.1930253982626082
126 127 4.679902885004096
127 128 2.4837623206341646
128 129 3.5713799537902284
129 130 2.7130247662925733
130 131 3.6233907564368084
131 132 4.051700532037138
132 133 1.1321863097023956
133 134 4.630971106733121
134 135 3.280175520239707
135 136 4.792462370257962
136 137 4.607346226602438
137 138 3.0438587275063616
138 139 1.4598793116509081
139 140 4.406158676312056
140 141 4.327227435014972
141 142 1.474626783205263
142 143 2.8007212129991044
143 144 4.1192020775865625
144 145 4.645716911434409
145 146 4.423106104944312
146 147 2.294621399978322
147 148 4.673517311784198
148 149 1.0812556400741147
149 150 4.873150731610304
150 151 3.4931386502585724
151 152 1.1677326586304106
152 153 3.5571741260108096
153 154 2.7742876026184935
154 155 3.5230797525272433
155 156 3.427790014717499
156 157 1.3419470891611787
157 158 4.925200629680197
158 159 1.8259777318297963
159 160 2.6757019048556177
160 161 1.0753455320596985
161 162 3.087261783571363
162 163 4.304372304462033
163 164 3.6760860559516715
164 165 1.4133999004633915
165 166 4.271310522910538
166 167 3.989411935477152
167 168 2.9047726936018243
168 169 4.064016599663544
169 170 4.309768256794484
170 171 3.256403718810389
171 172 4.20623663066422
172 173 1.1754179173762682
173 174 1.5835938627086619
174 175 1.6532889825510946
175 176 3.0080160382078995
176 177 4.636657757888171
177 178 1.5176567128376286
178 179 1.2498724694638792
179 180 4.08334934174345
180 181 3.299152844153886
181 182 1.924437515762368
182 183 4.051542633944695
183 184 3.996129741097585
184 185 3.0593846545341754
185 186 1.6662487457199302
186 187 2.3835332832831146
187 188 4.859573255498768
188 189 1.6075888391695266
189 190 3.98793720764801
190 191 1.9868359064962693
191 192 2.5268407200032477
192 193 4.620988382791548
193 194 3.53430960868837
194 195 3.7253486618882867
195 196 3.272286696124544
196 197 1.0626986292993847
197 198 3.449406747011267
198 199 1.754470394004899
199 200 4.517783190852611
200 201 3.319656343257898
201 202 3.1145049725574916
202 203 1.3803801004490848
203 204 2.7736248605902953
204 205 1.0703958880801694
205 206 3.2404355705964276
206 207 1.9793909498812408
207 208 2.1133869066188034
208 209 3.9993127400158044
209 210 3.7777603230949053
210 211 1.9082225711094614
211 212 2.9772235131397697
212 213 1.058544125735807
213 214 4.7442568352872385
214 215 2.9484032125678383
215 216 3.073759390913012
216 217 1.7828216620530415
217 218 4.270806020605278
218 219 4.436004656887401
219 220 1.5913696926693004
220 221 2.8698630666181715
221 222 3.2608958922698084
222 223 3.3391501110927897
223 224 3.444627233020511
224 225 4.939028966757203
225 226 4.3391037200455145
226 227 1.0850598254909167
227 228 4.2495854969144
228 229 4.954707412006655
229 230 3.979951053943564
230 231 3.5107249072744295
231 232 4.2858876342558
232 233 4.2171458335444605
233 234 3.850174657644774
234 235 1.6832799184007325
235 236 1.8502668818044912
236 237 4.779558450700501
237 238 1.3239811881719525
238 239 1.1757877941496262
239 240 2.3757872858246696
240 241 3.2526634764163194
241 242 1.176727128250481
242 243 3.757741199528922
243 244 4.811742298626973
244 245 3.1476244882446416
245 246 4.174880455574377
246 247 3.914827875062535
247 248 4.428496549269008
248 249 2.039177692072827
249 250 2.903850908677639
250 251 3.4387554470758985
251 252 2.589316937111741
252 253 2.871854547267166
253 254 1.4527657769735303
254 255 4.000524826230631
255 256 2.1823271177767465
256 257 4.057935400999282
257 258 1.5372519117502699
258 259 1.5131506909104826
259 260 3.485630143314081
260 261 1.7127079283214655
261 262 1.2648699856937364
262 263 2.3665487207438405
263 264 2.528778855680281
264 265 2.1637667454952294
265 266 2.940325516198138
266 267 2.422365570772399
267 268 3.028436103076916
268 269 4.230709356234587
269 270 2.2371463915390772
270 271 1.5166588143982498
271 272 3.012110304460764
272 273 3.013448314765128
273 274 1.836756653151471
274 275 3.817889556401634
275 276 4.8898035180608215
276 277 2.280759450544528
277 278 4.335164089429446
278 279 4.285185963196854
279 280 1.744448895137399
280 281 4.360695102942425
281 282 4.9218164042827075
282 283 3.9992760997429424
283 284 2.4826687304348947
284 285 1.9239345903394431
285 286 4.062930375574881
286 287 4.743862461823569
287 288 2.7612171915621793
288 289 3.4121983935919644
289 290 2.608505849894963
290 291 4.408877625753028
291 292 4.806990876942562
292 293 1.6514752231622323
293 294 1.8762881089763432
294 295 4.038442875382342
295 296 3.555935092206582
296 297 2.368409582148751
297 298 2.8821902288624037
298 299 1.060356714770223
299 300 2.7053433656805055
300 301 3.0572123012853663
301 302 2.6510004855580984
302 303 2.6397664979915176
303 304 1.8933426478173225
304 305 1.1753985319744475
305 306 1.838275324182674
306 307 4.099189689638832
307 308 1.3124891343461607
308 309 2.3024299344516286
309 310 3.3194355159311555
310 311 2.4867191591383455
311 312 3.2925761788487007
312 313 2.6124054188785943
313 314 4.027261930346239
314 315 4.786982703233873
315 316 4.6500019480242685
316 317 2.6385494947666426
317 318 3.838096075888696
318 319 2.78033019285321
319 320 2.5992079281379707
320 321 1.80527072025412
321 322 2.0648162435670905
322 323 2.1595694930634846
323 324 1.5163124955537337
324 325 3.7649265456283727
325 326 3.976278616742857
326 327 4.736544149111241
327 328 3.2838102324279537
328 329 1.55470156437223
329 330 4.778493912095063
330 331 1.194086585449765
331 332 3.0534812579168262
332 333 4.847104054293387
333 334 3.6388486244980687
334 335 4.675711329740594
335 336 3.257042305918199
336 337 2.199162992807903
337 338 3.393099912562694
338 339 1.0464456210153488
339 340 1.1422475214395291
340 341 4.471610134241731
341 342 3.182091945843553
342 343 4.3295417991068765
343 344 4.192914730401707
344 345 4.977361414449568
345 346 1.4153253222520759
346 347 3.4120920704274735
347 348 1.1931382906881227
348 349 2.7032046066492326
349 350 2.3062006778034543
350 351 4.355291547790414
351 352 3.7437884560113988
352 353 2.966219202182355
353 354 4.099875251953399
354 355 4.464109444193904
355 356 1.3210906298381695
356 357 1.2886666307481898
357 358 3.143327628843194
358 359 2.864240546624315
359 360 1.8704825527185052
360 361 3.3295108990564923
361 362 3.9502394744157376
362 363 2.4566868123114913
363 364 2.9819013496013613
364 365 4.293869982755481
365 366 4.843819983226448
366 367 4.451442659205712
367 368 3.4828639577087284
368 369 1.280283161707108
369 370 2.8719526026661484
370 371 3.1562787271015247
371 372 1.998690344367152
372 373 2.9038861710036237
373 374 2.391890669883665
374 375 3.940103858767885
375 376 1.4960530406172938
376 377 1.1245682207994663
377 378 3.3792592446895124
378 379 4.977018475996822
379 380 1.601711274336147
380 381 3.110735214618433
381 382 3.4405619565109067
382 383 2.647055800363447
383 384 4.163507664164655
384 385 3.403567878429367
385 386 2.527013886615083
386 387 2.9171626430869457
387 388 4.163960207567502
388 389 3.1519067376238112
389 390 3.4958034232043014
390 391 3.080473163623406
391 392 2.1582758413191616
392 393 1.9328138344051324
393 394 3.778378973720279
394 395 3.71913871782628
395 396 4.244517291969272
396 397 1.5670069829646511
397 398 3.8241777975160343
398 399 4.045054766019984
399 400 1.9693797195007208
400 401 3.1886936276872744
401 402 2.5812349984964804
402 403 2.8560181607692523
403 404 3.968564990152318
404 405 3.9382849324369538
405 406 2.585374897777369
406 407 4.118928323614599
407 408 2.4257457881301816
408 409 4.843182594143944
409 410 2.6889405296673345
410 411 1.177625667474071
411 412 2.6339688053954857
412 413 3.7897083998176013
413 414 4.14167726924393
414 415 2.8448837533506364
415 416 2.5618956383831586
416 417 1.8498610207873183
417 418 4.505022982411905
418 419 2.5759267399495474
419 420 1.089962452105555
420 421 4.472832309937269
421 422 1.8220551875442395
422 423 1.5676738647028974
423 424 4.789091971868693
424 425 4.833885989176119
425 426 1.5072564509479536
426 427 4.221584430609865
427 428 2.635162899142841
428 429 2.9280725887647137
429 430 2.501236695417406
430 431 3.55297615674081
431 432 4.6325344150210555
432 433 3.701896606889579
433 434 3.801519363244376
434 435 2.9922035708676953
435 436 2.3379960931244574
436 437 3.5527577986500156
437 438 1.1617952055399137
438 439 1.6066579843805244
439 440 3.2101478035888533
440 441 4.90757333970463
441 442 4.625875903031245
442 443 3.159855153202851
443 444 1.3769159508334985
444 445 1.0714012258145864
445 446 3.557650905544247
446 447 1.6366845227798912
447 448 4.3163982839250625
448 449 4.893313028371366
449 450 2.2997032181366963
450 451 2.9501299865951953
451 452 1.6399021175846555
452 453 2.703038806134603
453 454 2.5716790403286067
454 455 3.98093607733377
455 456 2.6544572700204676
456 457 4.795067987060149
457 458 4.81834270481426
458 459 1.644834893523714
459 460 2.6275573444346976
460 461 3.3424778525975287
461 462 2.3274684543738235
462 463 4.043359966369004
463 464 4.685681243545831
464 465 4.070411874829761
465 466 3.037455712114996
466 467 1.413683422521745
467 468 3.4722074432362953
468 469 1.317300760332849
469 470 4.046025988127052
470 471 1.9506356629624766
471 472 4.500999394645522
472 473 3.8690787499155195
473 474 2.078571436870914
474 475 3.7424526281519572
475 476 4.4977546861995785
476 477 4.406826237335677
477 478 2.9816804113994513
478 479 2.2927567149424157
479 480 4.399550748031771
480 481 4.271495722109029
481 482 3.975043706358598
482 483 3.8122173412345957
483 484 3.131814581651957
484 485 1.2643290412902601
485 486 1.9452464289880305
486 487 4.638243145033516
487 488 2.7586487684939667
488 489 3.265346807238407
489 490 4.148134003201022
490 491 2.218197754935162
491 492 1.4486870703174324
492 493 3.357504882521813
493 494 3.976023954692633
494 495 2.6082372297804883
495 496 3.0863643022636373
496 497 3.9029406786792604
497 498 2.3837933325520195
498 499 4.674608836297475
499 500 2.38659955737231
500 501 2.1088696990042015
501 502 2.391519614284296
502 503 2.4714408275662136
503 504 1.4311963861192316
504 505 2.19728373496662
505 506 1.56881586786099
506 507 1.1961888291357297
507 508 1.5851492732854324
508 509 4.1439961093959745
509 510 1.8270883886996736
510 511 3.0341014989522566
511 512 3.0704931240108375
512 513 4.651964874085973
513 514 1.8201529046950986
514 515 1.990906196473062
515 516 3.4052120217741058
516 517 2.3325756130878643
517 518 1.9684815831373927
518 519 1.1062074518225735
519 520 2.281753982675543
520 521 1.1966255497407015
521 522 4.4700909076942335
522 523 1.1514240206572097
523 524 4.169527086760443
524 525 1.488155190575918
525 526 3.2943155526782744
526 527 4.149314349372114
527 528 4.218962358730822
528 529 4.914794113815571
529 530 4.211729851408209
530 531 4.118670672259089
531 532 3.23077773949322
532 533 1.957574071490693
533 534 3.9988366640873143
534 535 3.4143790176772564
535 536 3.894254980400181
536 537 3.444940257285977
537 538 4.303299194104595
538 539 4.6447583654069495
539 540 2.9919217206600046
540 541 3.9612056731465386
541 542 2.345649589718931
542 543 1.1735176118726516
543 544 4.329972432173264
544 545 3.7460437918341523
545 546 1.9661435119119193
546 547 2.259594400240257
547 548 4.692203950423867
548 549 4.852105526256887
549 550 1.1301608315767355
550 551 2.2951918624959284
551 552 1.1000152606461566
552 553 4.691135338320227
553 554 4.344045548233136
554 555 2.657943634006095
555 556 2.012704831664975
556 557 4.205893870922548
557 558 2.9730072924392132
558 559 1.0071274702033746
559 560 3.5011909485533965
560 561 4.0647079323472175
561 562 4.885637963380599
562 563 1.2358952481470835
563 564 1.7776944318120864
564 565 4.2111332417411065
565 566 1.3472662290179644
566 567 4.08915634516749
567 568 4.579008383541347
568 569 2.1631937719943464
569 570 3.170443448179282
570 571 4.5460224666600375
571 572 4.341213022005972
572 573 2.027282928021442
573 574 1.2369909124647331
574 575 4.560022304066356
575 576 2.4045714179398465
576 577 1.1569776608279656
577 578 2.66719568603502
578 579 2.1343036003308664
579 580 1.202039109555629
580 581 2.0380109063736924
581 582 4.035783937104144
582 583 1.6576813371542714
583 584 3.296757825209565
584 585 2.177676504932066
585 586 1.0806957434961517
586 587 3.3066326133894752
587 588 4.663577563026308
588 589 4.954621310222112
589 590 1.3011410668511632
590 591 4.429626724511249
591 592 1.0209960230375996
592 593 4.444072318738867
593 594 4.119248752642282
594 595 1.7625686865925831
595 596 2.7747639146170027
596 597 1.9660560825992657
597 598 3.805139783828624
598 599 1.4184730317332885
599 600 1.6967798131232388
600 601 4.766906727659785
601 602 2.0509434785777905
602 603 4.785011476649432
603 604 3.075189169355646
604 605 4.043349993776308
605 606 3.534106397279619
606 607 1.8840869597901357
607 608 2.6239423242088082
608 609 4.847839057309173
609 610 4.63349885105586
610 611 1.2339135410140658
611 612 2.2665921877477477
612 613 2.4573970659368847
613 614 1.54240532608579
614 615 4.395336267427891
615 616 3.620780701692084
616 617 4.784754901099083
617 618 3.1172139410113187
618 619 1.5698857975793072
619 620 1.0383545696766148
620 621 2.3498608717751277
621 622 3.141454771015869
622 623 4.456493774165013
623 624 2.280520355841794
624 625 2.297035193830989
625 626 1.5944036744153576
626 627 2.49687079461053
627 628 3.9478966344059483
628 629 2.568417929788781
629 630 4.512498935086825
630 631 1.8059034559075458
631 632 4.671186216645699
632 633 3.4441427492327223
633 634 2.5979177126549375
634 635 1.6539898107872504
635 636 3.504843018043777
636 637 2.4910818272078457
637 638 3.4354037385121927
638 639 3.173467914204514
639 640 2.8378276728916068
640 641 4.214910739660262
641 642 1.0238642117767514
642 643 2.819687092820882
643 644 4.236722562449282
644 645 3.342871518051596
645 646 2.532385010087923
646 647 1.6192005202725168
647 648 4.1123348577056476
648 649 1.4529947087813646
649 650 1.9090886893423047
650 651 1.5542057213649363
651 652 1.0188029370402858
652 653 2.8228370795254
653 654 3.8705562413431562
654 655 4.274921219621572
655 656 4.258477939006243
656 657 4.581086626012146
657 658 1.9154896969014445
658 659 1.8694983793365667
659 660 2.602714080873588
660 661 2.7502584716600147
661 662 2.5488327224810914
662 663 2.616355276907502
663 664 3.0781862378629685
664 665 4.58086676816106
665 666 3.3258053204086564
666 667 1.2656072519727966
667 668 3.486508724958547
668 669 4.2409583294349416
669 670 3.819552999616327
670 671 3.318501075846937
671 672 4.282266155547894
672 673 1.4362218357905379
673 674 2.7600953799206787
674 675 1.4800848847709984
675 676 4.534198887703205
676 677 3.5240761924150514
677 678 1.4009015414930603
678 679 1.1730722421105315
679 680 3.653073117857139
680 681 2.866060681731106
681 682 2.6006442388892723
682 683 1.41416629699701
683 684 2.371978260231954
684 685 2.6294991100175107
685 686 3.708985114708181
686 687 4.437324039905563
687 688 4.358820310542654
688 689 1.4605250117744557
689 690 3.0078579867045323
690 691 1.4026085387873395
691 692 1.3734895374734073
692 693 3.2710173575093773
693 694 4.9704132949384325
694 695 1.2472063624631762
695 696 3.136641308315793
696 697 4.277228425377682
697 698 3.675264122805667
698 699 4.916540977266861
699 700 4.548206557457414
700 701 2.2705930642659746
701 702 3.2581347184499503
702 703 3.851624162590543
703 704 1.8233640799783797
704 705 1.5674430748647659
705 706 2.1380976487257426
706 707 4.803277206331488
707 708 3.6387138357382547
708 709 2.9557762422804013
709 710 3.0925970360443418
710 711 4.280697544968193
711 712 2.6970476659427014
712 713 1.2555975288751986
713 714 2.9592194297688663
714 715 3.0522026583032527
715 716 4.1173740825367835
716 717 3.048074165459574
717 718 2.5354438393135017
718 719 2.53353382979772
719 720 1.4843490054241761
720 721 3.7130214633999663
721 722 2.246068155863566
722 723 2.7935993593460746
723 724 1.6387108171085907
724 725 1.9288635983188307
725 726 3.527307428922303
726 727 3.484950982322717
727 728 4.448187342672517
728 729 1.4777277144245318
729 730 4.8095090336654085
730 731 2.607864524285406
731 732 1.5111668568983045
732 733 2.295333946718092
733 734 2.005127571624594
734 735 3.729075916733915
735 736 3.679051656424244
736 737 2.303328095129939
737 738 3.9839474827032264
738 739 4.302914109101502
739 740 2.7882879906726763
740 741 3.085936435313592
741 742 3.2146427352585683
742 743 2.8448324463701615
743 744 4.488175369354488
744 745 1.089713520122205
745 746 2.949802796475118
746 747 3.157118532913904
747 748 1.7938153403638522
748 749 3.899800702433407
749 750 3.1568078789185865
750 751 2.7782788480693776
751 752 2.503152271158683
752 753 4.017705594004161
753 754 4.243236542997247
754 755 4.889386487407426
755 756 3.4306509505278857
756 757 3.8807723928738187
757 758 3.173864217751634
758 759 3.5943116432780506
759 760 2.023732063908106
760 761 1.368314439735348
761 762 4.6335360051848475
762 763 1.2877773656229068
763 764 2.6892420375279267
764 765 1.245617859109096
765 766 2.4880719615434956
766 767 1.9287250346407356
767 768 3.549162414681381
768 769 4.137066397739749
769 770 4.183245680304223
770 771 3.2796766194081304
771 772 3.659265681410449
772 773 3.858949257283737
773 774 1.5679069041144649
774 775 1.7926109230146277
775 776 4.238696253910736
776 777 4.154297145093065
777 778 2.511549926742752
778 779 1.092120784995466
779 780 1.9268291037074854
780 781 2.2726078680479898
781 782 4.976937087067569
782 783 1.7316347390593423
783 784 3.062412309221852
784 785 2.139475367092304
785 786 3.08580433049052
786 787 3.4704266940767847
787 788 4.344174819812389
788 789 2.2469104850165773
789 790 3.5481080726004075
790 791 4.517407191852214
791 792 3.6837665157862705
792 793 2.7614762832387845
793 794 2.6411679173756597
794 795 1.9862775434998308
795 796 3.9034854354526005
796 797 1.702531055192002
797 798 3.1063845265486276
798 799 2.948156865425693
799 800 4.854230368105233
800 801 3.999246261789226
801 802 1.9652399021498832
802 803 3.0561810948128483
803 804 3.418126438926107
804 805 2.9203475805902586
805 806 1.3564394439600087
806 807 1.5204691584188743
807 808 2.7918691740644577
808 809 1.375156405801492
809 810 4.218124388148443
810 811 4.339923985965742
811 812 2.1407756768408137
812 813 4.11090981958948
813 814 1.0312943324002473
814 815 1.2648637408787615
815 816 1.8252244557052024
816 817 1.538278055019786
817 818 2.864971335100206
818 819 2.5584211317194834
819 820 1.0545053499116714
820 821 4.470358454429723
821 822 2.33304688833689
822 823 2.716674006625745
823 824 1.0118009170627356
824 825 4.65591234886851
825 826 3.7629806738022094
826 827 3.0440481171992704
827 828 3.6524958555013693
828 829 3.708622735550132
829 830 3.415358213139789
830 831 4.078156733026424
831 832 2.7734000735234265
832 833 1.6546036924351513
833 834 4.457260234552566
834 835 2.5635376080275476
835 836 1.2280289963944222
836 837 1.5920386818869114
837 838 4.146767339446793
838 839 4.121792307527661
839 840 2.812975323728859
840 841 4.021412690520849
841 842 2.8431538191651415
842 843 1.4313750228796063
843 844 2.847731687287465
844 845 2.2995544840177606
845 846 3.9988719070912064
846 847 3.7118209558330597
847 848 1.846727373728088
848 849 3.2744688226286702
849 850 3.427146005423556
850 851 4.7470347886601605
851 852 4.974761998111493
852 853 1.5128520510111216
853 854 3.661970959142325
854 855 4.007566996098786
855 856 2.648163715777384
856 857 3.843299408239187
857 858 1.2355555261410034
858 859 4.019400521066876
859 860 1.310729119884249
860 861 1.62192246670674
861 862 2.9136449401113804
862 863 2.0999768501688725
863 864 2.5815185273028574
864 865 2.6264357842224006
865 866 4.219032343070705
866 867 3.8692732393685
867 868 1.650513201975202
868 869 3.5882759049997874
869 870 4.848131250954314
870 871 2.755573725632986
871 872 3.062266996412443
872 873 1.386391027852361
873 874 3.0198329766078795
874 875 1.601685158237721
875 876 3.8241557771299624
876 877 3.463753139200803
877 878 1.3591553012374282
878 879 2.9947271812622676
879 880 4.626356110475993
880 881 2.0471410642770054
881 882 1.40950813738369
882 883 2.4042321123190464
883 884 3.2646244061837644
884 885 1.0902021827105042
885 886 4.281360429541035
886 887 3.4211625090534725
887 888 2.561064257892622
888 889 3.898813777699621
889 890 3.5051823395652675
890 891 2.309333028023047
891 892 1.7893656155894857
892 893 4.4694788108968835
893 894 4.739818218666784
894 895 3.4559581254602887
895 896 4.815800848197417
896 897 4.5184637875908855
897 898 4.136952346586492
898 899 4.6233533172875525
899 900 2.426340804234757
900 901 4.513766577307887
901 902 3.8939419606760013
902 903 3.79132339857746
903 904 2.854171419313086
904 905 4.6796558247760345
905 906 4.579279803100281
906 907 1.7511977631827609
907 908 1.627725797411835
908 909 1.6914213611350464
909 910 4.907355268977822
910 911 2.1308645682004683
911 912 4.914994944642566
912 913 1.747747275136987
913 914 4.177420301836093
914 915 2.135872418996211
915 916 4.511683397237055
916 917 1.9339357669138022
917 918 1.7595944085679407
918 919 4.209471210342851
919 920 2.2092584365470453
920 921 3.4712019902374363
921 922 2.704651685164757
922 923 4.231077296658121
923 924 2.1585183908891583
924 925 1.3664007787530075
925 926 4.5650284589979915
926 927 3.322904097574492
927 928 1.9322980051205638
928 929 2.587811448184832
929 930 3.3076069669359565
930 931 4.866621024980913
931 932 1.449379743079855
932 933 1.934857285122689
933 934 3.3975513928039485
934 935 2.700143562950325
935 936 3.2585547164671356
936 937 3.4352869126301617
937 938 4.283881612945661
938 939 3.637154564279159
939 940 1.6281955968260724
940 941 3.291880432258532
941 942 2.764208452520065
942 943 2.6997509431271265
943 944 1.3998851428326877
944 945 3.9640302927132445
945 946 1.8662036351035867
946 947 1.7370489657224417
947 948 1.2798573734105623
948 949 4.110712341266946
949 950 3.5928854216589254
950 951 1.2592377217852473
951 952 3.0467818957455846
952 953 2.783733542806631
953 954 1.23855014863762
954 955 2.342910705205867
955 956 2.68594101956315
956 957 3.585479803458137
957 958 4.768969348912503
958 959 2.7169726743546687
959 960 4.887771078898973
960 961 2.5759554642703204
961 962 4.44592849451433
962 963 1.7583163887629887
963 964 3.6514371938739543
964 965 3.8088919175410343
965 966 1.2420387947432538
966 967 1.5172860707581641
967 968 1.433047656983807
968 969 2.1360289970007953
969 970 1.637244107677366
970 971 4.2520497633434555
971 972 2.645997078965617
972 973 2.1747383901126565
973 974 2.0525549276600525
974 975 3.0837181065675234
975 976 1.6917757157518536
976 977 2.9805617961397433
977 978 3.752506381395428
978 979 2.7099193701005957
979 980 1.8399829738802578
980 981 4.679196632774779
981 982 1.1100588875800685
982 983 2.7089126572312203
983 984 3.1308414733403698
984 985 4.31695205749465
985 986 3.3600265585413087
986 987 1.8374513070284508
987 988 2.6145971876589353
988 989 1.6658407815620482
989 990 3.8422600986203577
990 991 1.7363140454276889
991 992 1.5471283470872779
992 993 3.5487795387580654
993 994 2.1678103648650184
994 995 1.8337641138944947
995 996 1.1160584197204368
996 997 3.391936925921734
997 998 2.7654393561466573
998 999 1.717821505490849
999 1000 2.1958831211572223
1000 1001 1.2903577979587597
1001 1002 4.79782647374901
1002 1003 1.7479040549815879
1003 1004 4.888992800429807
1004 1005 3.6227028468751152
1005 1006 2.9297639629970225
1006 1007 2.3732527434736133
1007 1008 2.6406508090010465
1008 1009 1.0710993949863807
1009 1010 1.1526434073441458
1010 1011 3.5935108330059022
1011 1012 4.905149720306261
1012 1013 1.6923361674253639
1013 1014 3.6156694016800786
1014 1015 4.974348991100973
1015 1016 2.285883265172764
1016 1017 2.029814915452496
1017 1018 3.7180431356810217
1018 1019 2.1977334885965134
1019 1020 1.6963590451052228
1020 1021 3.5587966851405604
1021 1022 2.832972365106967
1022 1023 2.0130787282724065
1023 1024 2.855588612362015
1024 1025 3.393035067185951
1025 1026 4.566725098049506
1026 1027 4.536354006652363
1027 1028 2.1700693488358844
1028 1029 1.1633770650765518
1029 1030 3.3435256599798135
1030 1031 4.213566147527087
1031 1032 1.6058815175209342
1032 1033 2.778811150008451
1033 1034 2.0000171759260668
1034 1035 3.627633339671735
1035 1036 3.649890927416561
1036 1037 4.919250084127702
1037 1038 4.655148194603384
1038 1039 4.287737746289242
1039 1040 3.6709526699037762
1040 1041 4.699281334577912
1041 1042 3.233511501776114
1042 1043 3.6806005530938064
1043 1044 4.839354634373114
1044 1045 1.8785561255732777
1045 1046 3.6904572440706422
1046 1047 3.0107048549753905
1047 1048 3.1255250720965244
1048 1049 4.9873322733697965
1049 1050 1.5514307223553616
1050 1051 4.0244906792608095
1051 1052 3.8201470585663
1052 1053 2.4076749051930944
1053 1054 1.0160197892879839
1054 1055 2.568376198490917
1055 1056 2.3754899604043747
1056 1057 2.8333588057105015
1057 1058 1.875542135754709
1058 1059 3.278790426253241
1059 1060 1.5241123907101883
1060 1061 1.129486136654668
1061 1062 3.228484182433182
1062 1063 2.750510406825636
1063 1064 3.0797410127589986
1064 1065 4.7397278582641444
1065 1066 2.9211599141995594
1066 1067 2.32853763960967
1067 1068 4.190121075890632
1068 1069 2.097687984374399
1069 1070 4.450186916932996
1070 1071 3.7067817570104085
1071 1072 2.3023925077826055
1072 1073 2.0520138816268263
1073 1074 4.240165403318194
1074 1075 1.8939850212227656
1075 1076 2.279795936432719
1076 1077 4.603458755290292
1077 1078 1.816430525537974
1078 1079 1.9115934275423307
1079 1080 2.4875371056305164
1080 1081 1.4421970915905198
1081 1082 3.768315643729535
1082 1083 3.9617836302791773
1083 1084 1.4439811577252573
1084 1085 3.82314737293483
1085 1086 4.790242927150459
1086 1087 4.92625655292618
1087 1088 3.8266008394408377
1088 1089 4.954253477910633
1089 1090 1.6263715245075838
1090 1091 4.225267036755309
1091 1092 2.0415750751273873
1092 1093 4.4833207013395056
1093 1094 3.507288722469134
1094 1095 2.1832338942797986
1095 1096 1.211082267358266
1096 1097 4.199056676739746
1097 1098 3.6286443941120843
1098 1099 2.6353513261379824
1099 1100 4.826524594938449
1100 1101 3.6491892609061507
1101 1102 2.3224171232440116
1102 1103 1.0135197518625452
1103 1104 3.0369090500006015
1104 1105 4.278082606136223
1105 1106 2.9075656893094353
1106 1107 3.7125571186615103
1107 1108 4.186876509378603
1108 1109 1.6427368316500086
1109 1110 3.8354423795747126
1110 1111 3.1623675529058723
1111 1112 1.227741957980172
1112 1113 1.9800037523706902
1113 1114 3.7622812777236625
1114 1115 3.5786949425235064
1115 1116 1.6092698507457004
1116 1117 1.6518122064323366
1117 1118 2.14706548226031
1118 1119 3.1200228093713833
1119 1120 1.4275027034750147
1120 1121 4.630232060064614
1121 1122 3.1905684430731056
1122 1123 3.755417697450243
1123 1124 3.7397137786712746
1124 1125 1.2654743079141424
1125 1126 1.2162620030577531
1126 1127 4.083934368805483
1127 1128 3.249441404379294
1128 1129 2.93034234238997
1129 1130 2.8113482180299663
1130 1131 2.601208504783613
1131 1132 4.224604554448444
1132 1133 4.432689943512873
1133 1134 4.153138536951783
1134 1135 4.065840977314126
1135 1136 2.0374807048192514
1136 1137 1.5055514826946563
1137 1138 1.7607288142381736
1138 1139 1.7271290873215692
1139 1140 1.906014185890283
1140 1141 2.0661640835715533
1141 1142 4.365621400251971
1142 1143 3.0855704159854525
1143 1144 1.5214336922470997
1144 1145 2.790696602752756
1145 1146 1.3532189015828284
1146 1147 3.375182261607343
1147 1148 2.4461938472403015
1148 1149 1.2025300028883135
1149 1150 2.6642529405938786
1150 1151 3.7890056172887974
1151 1152 2.873146232553444
1152 1153 4.708467742468724
1153 1154 4.466366841359218
1154 1155 1.5796399590181909
1155 1156 3.7722271139940844
1156 1157 3.011255063963861
1157 1158 1.657095536813216
1158 1159 4.072546330829349
1159 1160 1.4075342824165018
1160 1161 1.444748950872266
1161 1162 2.3884903890388087
1162 1163 1.5467978179170578
1163 1164 2.106921280456698
1164 1165 3.7165223647353316
1165 1166 1.1451822951920043
1166 1167 4.892404343839113
1167 1168 3.80957873007473
1168 1169 2.64489867991664
1169 1170 2.364907578950137
1170 1171 3.6183950997553738
1171 1172 2.478892920140688
1172 1173 4.828231639507655
1173 1174 4.672661174877515
1174 1175 2.3207910889065455
1175 1176 2.5399602719641345
1176 1177 3.988778141399773
1177 1178 1.3677153822695485
1178 1179 1.6666285508229053
1179 1180 1.5045617882747586
1180 1181 4.316980310543553
1181 1182 1.881500757776652
1182 1183 4.0107400417614265
1183 1184 3.141498133458838
1184 1185 3.7860882226612764
1185 1186 1.0305238763274684
1186 1187 4.767032634589363
1187 1188 4.111029674567018
1188 1189 1.3115756000741068
1189 1190 1.472531174223918
1190 1191 2.6724270738717566
1191 1192 3.2147097564138503
1192 1193 4.757819707499463
1193 1194 4.749117024421723
1194 1195 1.332404062731043
1195 1196 3.607760765569753
1196 1197 4.573627513471061
1197 1198 3.0324762071626634
1198 1199 3.01436865847864
1199 1200 1.7666353830764554
1200 1201 1.4919001262617733
1201 1202 4.990995131632871
1202 1203 1.188188438404517
1203 1204 2.7772158797987148
1204 1205 1.6988777387090979
1205 1206 2.4542758549906183
1206 1207 4.322274407211378
1207 1208 1.7438874521427974
1208 1209 3.2918605617209145
1209 1210 1.6001676602035197
1210 1211 1.2671119161076758
1211 1212 3.8356552092213962
1212 1213 4.352479658052708
1213 1214 3.1740652530947115
1214 1215 1.4945302300405894
1215 1216 1.3301591412167477
1216 1217 3.997964829731749
1217 1218 2.959161231122984
1218 1219 2.290793827999996
1219 1220 2.5879149753766058
1220 1221 4.759356772262562
1221 1222 2.308408062780021
1222 1223 2.8214608392401908
1223 1224 4.331789258538068
1224 1225 4.244164424047961
1225 1226 3.4402345022716223
1226 1227 4.8397233216874245
1227 1228 1.5481694685142906
1228 1229 4.264932797353388
1229 1230 3.7172541724956965
1230 1231 3.7167804136158815
1231 1232 3.303368293831191
1232 1233 3.5536029460811434
1233 1234 4.4778273162861435
1234 1235 1.9202644461588725
1235 1236 3.0667365457111084
1236 1237 4.123270378689459
1237 1238 3.003208781281746
1238 1239 1.9430981220575418
1239 1240 4.626714175457162
1240 1241 3.4567667498775165
1241 1242 2.214940297318789
1242 1243 4.1005309794806735
1243 1244 3.698584923370709
1244 1245 3.50255023236374
1245 1246 2.1602318718483393
1246 1247 4.973775859002952
1247 1248 4.307215883187399
1248 1249 4.786373368134374
1249 1250 3.1316087884264627
1250 1251 3.6687187059913557
1251 1252 3.2453359111294744
1252 1253 1.2767322192974104
1253 1254 2.592719545811615
1254 1255 4.9469701753583095
1255 1256 2.9681790638492536
1256 1257 3.316972513126063
1257 1258 3.1268919964049724
1258 1259 1.2035376001497702
1259 1260 2.883583256511388
1260 1261 4.61589596090719
1261 1262 3.8336905734753346
1262 1263 2.575642688147389
1263 1264 1.8048885544214235
1264 1265 2.323951848290242
1265 1266 4.1492697903034745
1266 1267 1.4900844140590217
1267 1268 2.879584194808012
1268 1269 4.9871635668395715
1269 1270 3.3170193431133312
1270 1271 1.7882555348733211
1271 1272 3.3962870738574087
1272 1273 2.066040036379551
1273 1274 4.569439694397376
1274 1275 4.483187356259814
1275 1276 2.740637833238476
1276 1277 4.3931749942674525
1277 1278 1.3512841722151574
1278 1279 4.164317583466694
1279 1280 4.098786847114524
1280 1281 3.2387299901382973
1281 1282 3.9376239219266562
1282 1283 4.0692976188973535
1283 1284 1.698441654317687
1284 1285 3.4547158511572604
1285 1286 1.8268144530732657
1286 1287 2.9548689946349773
1287 1288 3.134023554087735
1288 1289 3.4018743070100257
1289 1290 1.6099392525826732
1290 1291 2.9987897614612318
1291 1292 4.033527257885126
1292 1293 4.036590789086686
1293 1294 2.34389162318024
1294 1295 1.5466572408174435
1295 1296 1.5531503823215909
1296 1297 4.502566363545859
1297 1298 2.804900467040738
1298 1299 1.196634711091995
1299 1300 3.3445613884844967
1300 1301 2.826913229002281
1301 1302 2.378398976267576
1302 1303 1.888751684152394
1303 1304 2.946478913881613
1304 1305 2.116471121172256
1305 1306 3.4135808880057397
1306 1307 3.199214392815586
1307 1308 2.141953659522372
1308 1309 1.7076244059910435
1309 1310 3.4907862665164298
1310 1311 1.6603599555472313
1311 1312 1.8322977189036833
1312 1313 2.5192725813396075
1313 1314 1.8670031861315155
1314 1315 4.094412958572326
1315 1316 3.9647462533623092
1316 1317 1.14272878828231
1317 1318 3.54683327872307
1318 1319 3.2142127734618096
1319 1320 4.381800341462572
1320 1321 3.0653248859360653
1321 1322 3.8450019638369763
1322 1323 1.611873565909062
1323 1324 1.67134041518753
1324 1325 2.647950862131137
1325 1326 4.082304010000432
1326 1327 4.085335442894799
1327 1328 2.9604067982739033
1328 1329 2.728246933559482
1329 1330 2.082421445284539
1330 1331 1.9490437153283473
1331 1332 3.02900774206558
1332 1333 3.1906687942754988
1333 1334 4.984355511305859
1334 1335 2.3414546617030667
1335 1336 3.3196136372137666
1336 1337 1.0101440021569554
1337 1338 2.6664306580728687
1338 1339 1.5724490275042182
1339 1340 1.4528373259532494
1340 1341 1.9498593785860994
1341 1342 4.028477535284226
1342 1343 3.587178710017667
1343 1344 4.8357947137867106
1344 1345 2.7075916637748714
1345 1346 2.956029189535048
1346 1347 2.311798263627939
1347 1348 4.228889319324846
1348 1349 3.6565474324073413
1349 1350 1.2053478583144277
1350 1351 4.572798231716835
1351 1352 3.125197894313008
1352 1353 4.961755963796611
1353 1354 1.7545389171688686
1354 1355 4.166054103640715
1355 1356 1.232670303665277
1356 1357 3.922919035429137
1357 1358 4.026291455711153
1358 1359 1.5538572313082315
1359 1360 2.9215946757534446
1360 1361 1.9467043133369075
1361 1362 1.116909545910921
1362 1363 4.6429234379454325
1363 1364 3.1357115497677137
1364 1365 1.6535028629886392
1365 1366 3.8820568003235882
1366 1367 1.8576911633574746
1367 1368 2.258984749208905
1368 1369 3.627054951209366
1369 1370 3.465160808929304
1370 1371 4.063470258488745
1371 1372 1.3052981541099298
1372 1373 2.408812891126406
1373 1374 4.9465007233216705
1374 1375 4.774269783762714
1375 1376 2.2564467877175756
1376 1377 3.3747635547150403
1377 1378 3.7506530602315813
1378 1379 1.7160675103965084
1379 1380 3.3041490457699125
1380 1381 3.787475819870641
1381 1382 2.649512407184955
1382 1383 1.2264027614786857
1383 1384 3.03860314384146
1384 1385 3.887941327123374
1385 1386 3.35002065316695
1386 1387 3.253836199907288
1387 1388 1.7816821630245312
1388 1389 1.5008779572937128
1389 1390 1.0162619358692346
1390 1391 1.3768470124096357
1391 1392 1.6521330463003978
1392 1393 4.0269487220035485
1393 1394 4.151896774142179
1394 1395 4.525707742879625
1395 1396 1.047397519600508
1396 1397 3.263729670035195
1397 1398 2.5847424340423815
1398 1399 3.024652352599886
1399 1400 3.827052432495106
1400 1401 2.1196345960065752
1401 1402 2.7236492025870818
1402 1403 1.018961803558172
1403 1404 2.067720367454312
1404 1405 3.7411406774584246
1405 1406 4.6796052632663905
1406 1407 2.442902139214549
1407 1408 4.562816999025742
1408 1409 3.4557711491240646
1409 1410 2.8290301042415678
1410 1411 3.6543993441790095
1411 1412 1.5360972909052655
1412 1413 2.0726173649979804
1413 1414 2.0282544009771257
1414 1415 3.9744690614344873
1415 1416 2.655670810420561
1416 1417 2.0754154060963774
1417 1418 3.557186762725919
1418 1419 4.09281175751995
1419 1420 4.617020752092282
1420 1421 3.425193672135179
1421 1422 1.4923542348194663
1422 1423 1.5817022065564004
1423 1424 1.7584544290523825
1424 1425 4.59971737592481
1425 1426 4.638150190250114
1426 1427 1.8914467083665332
1427 1428 4.59527673245181
1428 1429 2.996915238087791
1429 1430 2.7455455167850795
1430 1431 4.582772094511971
1431 1432 3.481504788803859
1432 1433 1.1457936866860905
1433 1434 3.4346147100956874
1434 1435 4.499964485569982
1435 1436 4.19469418389026
1436 1437 2.384155297649966
1437 1438 4.72269260837898
1438 1439 4.632553343735173
1439 1440 3.986730672723633
1440 1441 3.441348340264229
1441 1442 3.9270981898018276
1442 1443 2.1383561615219113
1443 1444 2.1538275725371183
1444 1445 4.522627145667466
1445 1446 3.4938847693368045
1446 1447 4.169392683886168
1447 1448 1.20868733195437
1448 1449 1.9449663649902877
1449 1450 2.037073105409479
1450 1451 4.5106827847157565
1451 1452 3.7763147477105194
1452 1453 2.6956137520513628
1453 1454 2.831285680882916
1454 1455 1.995979571992669
1455 1456 2.7756399327711185
1456 1457 2.2177233049969
1457 1458 2.439913862197793
1458 1459 4.3075374960743655
1459 1460 3.8605508366313486
1460 1461 3.964423709854802
1461 1462 1.7823383935446349
1462 1463 3.412875555684806
1463 1464 3.449149265970065
1464 1465 1.4647791014045342
1465 1466 4.290002544604064
1466 1467 2.0832347600849936
1467 1468 2.552758463330096
1468 1469 2.8696717565157255
1469 1470 3.1007276509464448
1470 1471 2.2211798891632877
1471 1472 2.070468335923443
1472 1473 1.721459011999209
1473 1474 3.6720284949372974
1474 1475 2.7986291614361325
1475 1476 3.9990871740182055
1476 1477 2.000643240001045
1477 1478 1.5303410957922168
1478 1479 1.1510331477284512
1479 1480 4.613582746010676
1480 1481 3.6952903956556606
1481 1482 1.9023086942580805
1482 1483 4.553448058509959
1483 1484 3.1707252781976614
1484 1485 4.938337304166936
1485 1486 1.5525272962480714
1486 1487 4.153877522963425
1487 1488 4.769209340071541
1488 1489 3.179984809846451
1489 1490 4.566525937891184
1490 1491 1.7960737777449518
1491 1492 3.017766173531378
1492 1493 1.270045201838609
1493 1494 1.8157981226457505
1494 1495 2.9671209377218695
1495 1496 2.829663960060783
1496 1497 2.8249893062477236
1497 1498 3.7122611544393185
1498 1499 4.9922756333059555
1499 1500 2.513374339959882
1500 1501 1.7196816435053934
1501 1502 4.39176454430547
1502 1503 1.7718671020253485
1503 1504 3.4493119590449703
1504 1505 4.946052183884618
1505 1506 1.6337512432594101
1506 1507 2.003714579255016
1507 1508 2.8929366272599193
1508 1509 1.0074803683260165
1509 1510 4.863998502745517
1510 1511 2.5852865191917225
1511 1512 3.1028322319890282
1512 1513 1.391537400490423
1513 1514 4.746009870879465
1514 1515 4.546691746921237
1515 1516 2.732397977739485
1516 1517 2.453152208527165
1517 1518 2.010753280643111
1518 1519 3.579169315711977
1519 1520 4.535485830908331
1520 1521 3.3149630922360784
1521 1522 4.25987493657325
1522 1523 3.0418224793181894
1523 1524 1.5172317435379354
1524 1525 2.9924706583999967
1525 1526 3.2346398708179604
1526 1527 3.4708392931112675
1527 1528 1.4495067280171843
1528 1529 2.063830448588327
1529 1530 3.4159915848371685
1530 1531 1.7785915836850408
1531 1532 2.935169189753038
1532 1533 1.2056412641216396
1533 1534 2.334889563948495
1534 1535 1.3794464825530706
1535 1536 1.7542397281469708
1536 1537 3.132872266226889
1537 1538 3.6723408661845154
1538 1539 4.111186087092143
1539 1540 2.8786447520219967
1540 1541 2.7696924319243315
1541 1542 3.4209857792812377
1542 1543 3.382805024102283
1543 1544 1.7884910210570775
1544 1545 3.415900032273992
1545 1546 2.165751336935765
1546 1547 3.948207887343033
1547 1548 1.8446637171216227
1548 1549 3.7722634326380584
1549 1550 3.5820649707492276
1550 1551 3.6183860023730574
1551 1552 2.029247555209307
1552 1553 4.880054913067957
1553 1554 2.991270064921361
1554 1555 3.2937082665164783
1555 1556 1.021086671852684
1556 1557 1.5373166942847192
1557 1558 4.94021993549695
1558 1559 2.589836348461299
1559 1560 4.340368353734156
1560 1561 3.012159155759809
1561 1562 1.9271939993036606
1562 1563 4.3014753128865735
1563 1564 4.797760862928215
1564 1565 4.640309438043575
1565 1566 3.957398218498031
1566 1567 2.0693311194661717
1567 1568 2.479540153624223
1568 1569 1.5527664476121505
1569 1570 1.126831505648176
1570 1571 1.490756354089088
1571 1572 3.891167445504526
1572 1573 4.868122670397554
1573 1574 4.9651327839579285
1574 1575 2.7868756339480467
1575 1576 1.4585452437726274
1576 1577 2.964958635762756
1577 1578 4.547390844483323
1578 1579 2.354464458199159
1579 1580 3.0762044717058146
1580 1581 1.746642447838656
1581 1582 2.9511528930505047
1582 1583 1.704532318362963
1583 1584 4.366780462179524
1584 1585 2.332624492187018
1585 1586 3.723819353378797
1586 1587 4.975575006238436
1587 1588 4.398871827428492
1588 1589 4.891107510341003
1589 1590 1.1988395738686362
1590 1591 4.687615556180935
1591 1592 3.7335896869724463
1592 1593 1.0952788415306562
1593 1594 2.044928608469895
1594 1595 4.477921621674589
1595 1596 3.929768349893013
1596 1597 3.5875809869277675
1597 1598 3.9940192786013
1598 1599 1.4414525236947924
1599 1600 2.679434561846215
1600 1601 3.106715180297818
1601 1602 4.227380362970047
1602 1603 4.846934169078471
1603 1604 4.173468918207259
1604 1605 4.155577151580301
1605 1606 2.216979273766999
1606 1607 2.555768270217537
1607 1608 2.4799675717907546
1608 1609 4.805150521703048
1609 1610 2.4928329558867186
1610 1611 1.2992525451937054
1611 1612 3.5018643831082685
1612 1613 1.3294771479185616
1613 1614 2.87849827420183
1614 1615 2.4708778696484215
1615 1616 4.1146865492870575
1616 1617 1.2721538201681732
1617 1618 3.764871068108243
1618 1619 2.151624524162667
1619 1620 4.717499692582697
1620 1621 2.7465913685587116
1621 1622 2.345488084759753
1622 1623 3.0667412116367614
1623 1624 4.40026128565893
1624 1625 4.6883011924511155
1625 1626 3.167470953445076
1626 1627 4.629007804111254
1627 1628 1.5482343567247696
1628 1629 1.0660441746382578
1629 1630 2.4867538995611764
1630 1631 1.9936999538869187
1631 1632 4.0091990132385185
1632 1633 4.704642315290139
1633 1634 2.373004560744419
1634 1635 3.4676383421806936
1635 1636 4.1617801500242
1636 1637 1.0074204478801505
1637 1638 1.2910725258135285
1638 1639 2.649799574246772
1639 1640 2.9212861807523134
1640 1641 1.7268938804663359
1641 1642 2.9508646593264225
1642 1643 4.614754707840161
1643 1644 2.3711890319264493
1644 1645 4.133034127408651
1645 1646 2.657050679020078
1646 1647 1.1200479864346482
1647 1648 4.179355783949438
1648 1649 3.16394784635406
1649 1650 2.1536037285178757
1650 1651 4.499031695437125
1651 1652 4.54733070222713
1652 1653 3.845900277709688
1653 1654 3.49067990982446
1654 1655 3.673002840016706
1655 1656 4.316558861629402
1656 1657 2.019734763085323
1657 1658 1.5073162223090586
1658 1659 4.847520151174413
1659 1660 2.244726856515512
1660 1661 3.575440881409966
1661 1662 2.873475562601779
1662 1663 3.168850172408906
1663 1664 4.257109216778325
1664 1665 2.507206654070344
1665 1666 4.306618657230414
1666 1667 1.882434893439036
1667 1668 3.083532862267405
1668 1669 3.470830216912454
1669 1670 4.647867294876532
1670 1671 4.923129085591335
1671 1672 2.1096222692161284
1672 1673 2.1145372138782372
1673 1674 4.9061143191930725
1674 1675 4.08180390290004
1675 1676 3.0221829576970385
1676 1677 3.011451713570973
1677 1678 2.3005336405668593
1678 1679 3.6560925909349646
1679 1680 3.5664972578316894
1680 1681 2.2067987076777755
1681 1682 1.8443798580821067
1682 1683 2.004944465064626
1683 1684 4.193520522539032
1684 1685 2.7192383575813737
1685 1686 2.059821244980526
1686 1687 2.912151866414588
1687 1688 2.9615972526451144
1688 1689 3.704538803217043
1689 1690 3.8797394124951587
1690 1691 2.7974584673062584
1691 1692 1.111573460753596
1692 1693 1.1615230381483599
1693 1694 1.6600973437442903
1694 1695 3.2358279599712487
1695 1696 1.9841456434366145
1696 1697 3.4160437094402494
1697 1698 2.679374142952875
1698 1699 4.115367343976063
1699 1700 3.3580513596443176
1700 1701 2.6121790413033588
1701 1702 3.350356952199132
1702 1703 1.8250320898989223
1703 1704 3.995274184264607
1704 1705 2.890234034900086
1705 1706 4.582662187788836
1706 1707 2.0829811373382747
1707 1708 3.9923698559355776
1708 1709 1.3437160510035309
1709 1710 4.730987650357086
1710 1711 4.9174645342754175
1711 1712 3.500576593228371
1712 1713 2.053208873119025
1713 1714 1.512018835387337
1714 1715 1.6818441197936655
1715 1716 1.7187710854657814
1716 1717 3.353117781042819
1717 1718 2.654587993591572
1718 1719 3.2871166743386553
1719 1720 1.9328262143441304
1720 1721 4.741534752549882
1721 1722 4.2527054631114325
1722 1723 2.978080721519125
1723 1724 4.503259835215996
1724 1725 1.214515304445531
1725 1726 3.6335677728583375
1726 1727 1.274846836959211
1727 1728 3.233162222305143
1728 1729 4.397098192440112
1729 1730 2.8755186986004846
1730 1731 4.523268889499608
1731 1732 4.5903748262063875
1732 1733 3.000150307775053
1733 1734 4.761360754559675
1734 1735 3.992276556690231
1735 1736 4.378080727653914
1736 1737 3.640906492744858
1737 1738 4.723763736553563
1738 1739 4.9836156088166215
1739 1740 1.7876834245630309
1740 1741 4.7740544087556795
1741 1742 2.259523424938803
1742 1743 4.6787371053726865
1743 1744 2.8381561103302433
1744 1745 2.2137576037776365
1745 1746 3.397856887614851
1746 1747 1.4851715284107372
1747 1748 3.4427138184413555
1748 1749 4.232258896737489
1749 1750 3.7950224088214055
1750 1751 3.0833202539312192
1751 1752 2.4072600034542386
1752 1753 1.142178697271527
1753 1754 1.9823813726435504
1754 1755 1.658484023881794
1755 1756 1.8993704714374737
1756 1757 4.31129904474764
1757 1758 1.3685821153411637
1758 1759 1.0009078503003588
1759 1760 4.1971416542113325
1760 1761 4.93453042332671
1761 1762 1.514042218550324
1762 1763 2.6876953586902177
1763 1764 1.658925886746888
1764 1765 1.066031954863687
1765 1766 1.2862688010558418
1766 1767 4.333151589239627
1767 1768 3.020766055304254
1768 1769 3.0199873204301104
1769 1770 3.266272508450311
1770 1771 2.702067968024714
1771 1772 3.3582504081041367
1772 1773 3.5815301822309364
1773 1774 3.8800782660856195
1774 1775 4.2057334580709345
1775 1776 1.7188331391086145
1776 1777 4.367505665948448
1777 1778 4.638465420466137
1778 1779 2.6709242557503443
1779 1780 2.4138759075505964
1780 1781 1.1530528825547464
1781 1782 4.441113238439353
1782 1783 2.5149618797450333
1783 1784 3.6828574777327048
1784 1785 4.893422930791571
1785 1786 1.3282636934430552
1786 1787 3.188901161131209
1787 1788 1.1034517174004481
1788 1789 3.868025301453392
1789 1790 3.430056157045314
1790 1791 4.3770943572076675
1791 1792 3.7442993336774415
1792 1793 3.9285860667769503
1793 1794 2.1243331772899805
1794 1795 2.5711562640734047
1795 1796 1.3377373112929307
1796 1797 4.003131940333644
1797 1798 2.164699656974773
1798 1799 3.7357999319830197
1799 1800 1.87290531063781
1800 1801 1.0853542034886763
1801 1802 4.131913201640707
1802 1803 4.747013916636272
1803 1804 1.1427105084089724
1804 1805 3.7516494493170347
1805 1806 3.8713379280389306
1806 1807 4.940618733092874
1807 1808 4.676792047238313
1808 1809 2.964668504596745
1809 1810 4.802454904498548
1810 1811 4.95944743523412
1811 1812 1.9345888564623261
1812 1813 3.7817341605548647
1813 1814 3.681338433356105
1814 1815 4.658837899637737
1815 1816 1.1696083965375776
1816 1817 2.3566982045234326
1817 1818 4.862772086611959
1818 1819 4.944002600040735
1819 1820 4.561409948771638
1820 1821 4.5567758523072825
1821 1822 1.7400458969932173
1822 1823 1.892138296639207
1823 1824 3.945936507651819
1824 1825 3.044651652429207
1825 1826 3.306604436232237
1826 1827 2.6350555065228756
1827 1828 1.6458635535323398
1828 1829 1.7463486614494936
1829 1830 3.7807110884867052
1830 1831 1.0680900591780476
1831 1832 1.9426256347058986
1832 1833 3.700229494833997
1833 1834 4.851137347092763
1834 1835 4.2688098921367965
1835 1836 4.039157450332217
1836 1837 2.784347061552065
1837 1838 1.1101624841237943
1838 1839 4.1898363418243925
1839 1840 1.830783440669801
1840 1841 4.794255770187054
1841 1842 3.64667899123481
1842 1843 2.5255123486308677
1843 1844 3.7803380795904875
1844 1845 1.5761690304171978
1845 1846 2.596698471891853
1846 1847 1.490506017162447
1847 1848 4.687761806769151
1848 1849 3.9064287970881963
1849 1850 1.7113373815167332
1850 1851 2.819399365019882
1851 1852 4.924133474088096
1852 1853 3.294318471062137
1853 1854 1.2776592177042625
1854 1855 3.2313531075701536
1855 1856 4.388619083941627
1856 1857 1.3815782403040076
1857 1858 2.104519788552296
1858 1859 4.701914903113117
1859 1860 4.452373416295302
1860 1861 3.7078317756876493
1861 1862 4.119607069315475
1862 1863 1.168317828541321
1863 1864 4.1353458995755155
1864 1865 4.6813290769768745
1865 1866 1.6156232449860966
1866 1867 3.4101612866259856
1867 1868 2.2147129752309698
1868 1869 1.4836876219935173
1869 1870 2.128424042714323
1870 1871 2.216661997267614
1871 1872 2.7357713518972413
1872 1873 1.1720316154774197
1873 1874 2.935825112750289
1874 1875 4.543483406141173
1875 1876 3.9528631238806664
1876 1877 4.0272131828896525
1877 1878 2.735200943236009
1878 1879 2.1547022456076346
1879 1880 1.0710968268153365
1880 1881 1.1426591282332548
1881 1882 2.5922990877006464
1882 1883 4.100642019584206
1883 1884 1.8336128223771317
1884 1885 4.2416526793897225
1885 1886 2.4952661066807402
1886 1887 4.815165143812365
1887 1888 3.2467335890471025
1888 1889 2.8621653064065145
1889 1890 3.515201136778717
1890 1891 2.017717681725314
1891 1892 1.8505801221853906
1892 1893 1.4343472145198537
1893 1894 3.782776232998684
1894 1895 4.3832375820826295
1895 1896 3.8271939165371127
1896 1897 1.2746972115573518
1897 1898 1.3145600178693124
1898 1899 3.963733753768551
1899 1900 3.3358313832519766
1900 1901 1.0335172342061276
1901 1902 1.3492239901998921
1902 1903 2.130537251082411
1903 1904 4.187979962079393
1904 1905 1.6710015329234245
1905 1906 3.752605174755274
1906 1907 2.420640632173614
1907 1908 3.829025600187685
1908 1909 3.2011896705559226
1909 1910 3.6576893159033212
1910 1911 1.2484819507754663
1911 1912 3.264810803425321
1912 1913 3.5907744020426056
1913 1914 1.4622590288383437
1914 1915 1.5947304870359593
1915 1916 1.4525298927482342
1916 1917 4.255308049606623
1917 1918 2.573292129940125
1918 1919 1.8589166108858755
1919 1920 4.870944050944674
1920 1921 4.016982365729856
1921 1922 1.958366000352541
1922 1923 2.188731996238674
1923 1924 1.9893540522218083
1924 1925 4.7548381550745695
1925 1926 3.0478594572909508
1926 1927 4.276751693226791
1927 1928 3.230013738980841
1928 1929 1.3270030014889356
1929 1930 2.535332235514681
1930 1931 2.1301453950625056
1931 1932 2.9631643236682796
1932 1933 2.9857312707201547
1933 1934 1.7633108834797988
1934 1935 2.6422600765952855
1935 1936 2.6657875670376128
1936 1937 2.8599449188405432
1937 1938 3.3268783795256605
1938 1939 1.949607305848017
1939 1940 2.941028464613541
1940 1941 1.8193448884856487
1941 1942 2.1667288412157335
1942 1943 1.875859058822754
1943 1944 1.3912692963101554
1944 1945 4.0301103363918
1945 1946 1.7789312551702121
1946 1947 1.0872792148544304
1947 1948 1.7822355614119068
1948 1949 4.438873497476447
1949 1950 2.958161167927562
1950 1951 2.9738056178734396
1951 1952 2.9499193192128423
1952 1953 2.870186126470393
1953 1954 3.016127502093899
1954 1955 2.507437403532522
1955 1956 3.8182064088357515
1956 1957 4.820381883021906
1957 1958 2.142676576615361
1958 1959 1.9413895660526381
1959 1960 1.470064511865087
1960 1961 4.324465690558027
1961 1962 1.6180619546669144
1962 1963 1.9315563218136176
1963 1964 1.0332460029904307
1964 1965 4.409701647505171
1965 1966 3.2422639764308836
1966 1967 3.82369851348318
1967 1968 4.9064686351941695
1968 1969 1.565147623366637
1969 1970 4.228002490938203
1970 1971 3.495571837536281
1971 1972 4.057400293493684
1972 1973 1.5142435271271228
1973 1974 3.187060069949083
1974 1975 4.588585456112272
1975 1976 2.4438262122410985
1976 1977 2.270515062674408
1977 1978 4.235025702343139
1978 1979 3.980417149362186
1979 1980 2.5995458154576343
1980 1981 1.7604211028609154
1981 1982 2.543885962191838
1982 1983 3.842449023332017
1983 1984 2.1258740276741164
1984 1985 3.529276615036451
1985 1986 4.25967501651677
1986 1987 2.2621779231535215
1987 1988 3.600519416126742
1988 1989 4.246631845885505
1989 1990 2.3365778730570947
1990 1991 4.505459832906013
1991 1992 2.8345766698589485
1992 1993 4.498794592396836
1993 1994 1.9050498360820494
1994 1995 2.849445553036428
1995 1996 1.3536978157984265
1996 1997 3.234457073308548
1997 1998 1.0433883285174934
1998 1999 3.535393745435122
1999 2000 1.5951812653542987
2000 2001 3.179769108759288
2001 2002 3.088755712977177
2002 2003 1.237066313801678
2003 2004 4.687722651902525
2004 2005 3.670342107418655
2005 2006 3.0784459777100244
2006 2007 2.214811607593993
2007 2008 4.082070874749379
2008 2009 4.643820127114228
2009 2010 1.6328894074747002
2010 2011 4.442009512272948
2011 2012 1.1757290753544902
2012 2013 2.371506327420939
2013 2014 1.5847826920601644
2014 2015 4.828666711208071
2015 2016 4.1675789914864065
2016 2017 3.4342912902578706
2017 2018 4.236089864646559
2018 2019 2.71917920901231
2019 2020 1.1409743287356133
2020 2021 1.4797577441127934
2021 2022 1.2930847478528853
2022 2023 3.489334325723932
2023 2024 4.928013703769859
2024 2025 2.731732476453998
2025 2026 1.972610576323023
2026 2027 2.757056098130396
2027 2028 2.5275333926185444
2028 2029 3.719661593494974
2029 2030 3.858711324389796
2030 2031 3.9664018918095905
2031 2032 3.76341588232223
2032 2033 4.2194340092046705
2033 2034 2.1149344112669723
2034 2035 2.78469371620519
2035 2036 1.8735391220206492
2036 2037 2.652978652875293
2037 2038 4.470149191476887
2038 2039 1.1084533934563954
2039 2040 2.786051362918222
2040 2041 4.117088560021844
2041 2042 1.1330491043230722
2042 2043 4.8748745096410175
2043 2044 2.4552417944088782
2044 2045 2.899179204091393
2045 2046 4.271893128355111
2046 2047 2.327507875408828
620 104 2.0365924370805115
1522 352 3.705880516348004
1459 2024 3.8368055722859475
134 581 3.5200787716034614
191 226 1.971738506495397
1787 74 3.787823703993251
261 996 1.3902474556188662
1627 299 3.1428519618396162
468 1876 1.0758002711242032
1902 799 1.1767014186927653
675 179 3.687807065417612
365 922 1.5502113730029454
925 689 2.505628420621809
1888 1758 4.239334231017972
1903 317 1.4901609606556807
881 978 4.546093909111518
931 972 2.4334483508302207
1849 72 1.270007721535043
636 1347 2.8868803184816985
1940 344 4.232584292456583
883 2038 3.4060557280852066
228 1719 3.78212721475452
974 1798 1.8253956728450387
188 1254 3.434482869445447
954 1661 4.676570188346869
744 1932 1.2178682592989536
1879 1547 4.27547913061629
537 590 4.40998987904691
141 663 4.141948119327326
1971 1768 2.4888064765130418
172 880 4.845329130564573
277 179 4.535625646038639
795 1119 1.1075483253726794
1171 203 4.110058194839203
616 1112 2.5719939964088137
903 1344 2.17833939868954
1482 29 1.1734930731878985
591 59 4.792396851497611
215 273 2.4988106334249887
1070 1697 1.7406178509316996
298 2041 1.2984654245252711
572 316 3.0127502922427647
505 1067 3.0621228376458287
114 1123 4.631674109579599
1414 1864 3.277033114520512
294 6 3.888325465894103
1047 1700 3.3250083689478336
894 1630 3.1671196683294074
524 254 2.609729784597589
708 229 3.2094805052311988
1468 1588 2.5912252737077277
1942 85 3.14368888594289
580 1483 1.9517413801592753
687 1495 4.5124293128008315
140 464 1.8468184879877891
797 1277 3.8118564330836118
2031 263 3.9295432229963225
1665 571 2.715910505653741
271 1412 3.7182102845471103
1570 83 4.836028835688145
1421 707 3.27486314705122
1953 143 1.8548794903074493
1876 492 1.2869314606137294
1829 1407 2.2285965343697294
633 791 2.985413748558498
1939 846 4.538035993138934
353 1659 3.3698362508699753
1782 1187 4.243600928214445
1009 1328 4.593854304563585
1585 1152 2.3825231753100042
1834 140 3.3051730838370914
667 488 1.3197331577687166
1619 1206 3.972164486786723
1269 1870 4.643728012809555
667 448 3.3619694192019027
1776 957 4.130011136384647
1667 249 3.010754804286242
1360 2027 4.801427624395702
1973 1797 4.931382511061436
1736 1503 4.264932755914493
1260 730 4.372612568146852
1667 50 3.9028582019481384
1225 1023 4.518021825197792
802 1662 2.1236072333568057
816 377 1.2595537489921629
1710 1521 2.0149294262894273
914 421 3.84340206910984
977 1909 2.466143613728099
1220 1824 3.7141944409388614
1039 1074 4.312706243282301
82 356 4.223046359144523
779 130 4.0028899201885135
204 832 3.241943920555304
471 770 2.049251089251396
678 92 4.945118738863565
327 1195 2.342617302188666
886 626 3.824607048562906
271 1161 4.732022369910312
1945 1362 2.3855980275052193
1460 1406 1.5197244832850672
563 745 2.4310348409362024
829 1295 1.4878194294000493
921 1445 4.37506601145736
1910 223 4.101532808430628
1734 422 2.65619266907852
742 1472 3.012213678786228
1128 739 4.385800771852033
1855 1313 1.6869690421328287
790 1054 3.227071294379041
756 1768 1.1041378366319887
677 204 3.126874441019453
232 1078 1.3427537615194014
384 1495 3.7842300494010748
1205 94 4.546457347668323
1912 1215 4.436319673445517
1679 371 2.0962418391537145
1351 606 3.72503476540868
432 985 4.602439319935749
75 1993 2.354106150141516
1656 1210 1.9458514295087364
1381 66 4.708212550138787
360 1138 1.4042603319569422
57 1279 1.3547733050777695
485 217 1.661603189731089
660 167 3.6490682305882283
1961 101 3.1137934199961945
2000 41 1.1437555244753557
1073 1340 2.738004548948524
145 39 3.244611902378119
896 421 1.3133540219412634
933 537 2.053499706868553
492 1151 2.1440745749109995
709 1821 1.5974986551929184
1722 1820 1.7014718180764588
2042 752 1.9935875650513402
36 374 4.382991058636177
1736 1952 4.649180477650745
208 1666 1.451806072171728
1052 1542 1.8636319336292884
266 1229 4.113410248214475
2042 710 1.7045017814361922
1593 1577 3.2960942213906668
321 1970 2.9529535053767786
1595 322 1.6173239690975239
1725 1502 2.7057927030348745
571 1018 1.5804791067278705
706 1567 2.4513484318794787
2023 1689 3.5562893835943856
2047 337 3.987561457731794
440 511 2.8877102313626217
603 1976 4.282149723374227
1473 1737 1.0697725289520856
1463 557 2.8404358259616935
417 967 4.220630310840845
2014 1320 3.893734173071153
710 1650 2.8787094669604683
212 1877 1.317699339173236
473 331 2.2678566055254237
93 118 4.7584424849786995
949 1876 4.02487216873198
441 429 2.6144641885212287
925 1126 2.8280124359179077
549 1102 4.921578053258277
1087 662 2.4137307040689766
483 1862 1.1695673921155394
1486 1170 2.522951656657339
477 36 4.947508278146091
1617 77 1.3403520612861
532 1284 4.048648768447232
1232 18 4.238746968238422
1820 44 3.6876692170833825
913 880 3.635017818908494
1894 1272 3.7219878744843817
303 1332 2.5494006520836137
1749 1860 4.9014233849140165
517 665 2.8245599278384717
1863 434 1.0210844289329168
1670 1936 3.314525887731253
309 509 2.0654768104349723
1592 381 1.653156406150111
1789 457 4.083891829046099
304 729 1.9526967429838766
585 731 4.631156910440764
1973 1991 4.936374622371989
524 1617 4.250743714600621
67 24 2.4363723925931957
2019 593 4.389963396772313
661 1844 1.8562353183993712
178 946 3.7290435876327996
1194 982 3.319582672748961
820 1765 3.7172963945075344
469 1494 4.723133510472584
110 582 3.0282222850377027
1706 1997 1.6517149707974434
834 1525 4.104200776136869
692 166 3.0284243686098034
614 825 2.486589445674321
307 1559 1.9890648305457534
4 1008 4.323422219504263
0 1385 1.4807134222507297
307 24 3.7562027982819894
1633 46 1.7211138913672577
97 1661 1.9131692566549416
1354 1758 2.29595946348339
74 1548 4.034166246572967
912 84 3.27341294876592
1524 319 4.399611726303853
1112 696 1.5074274159978014
1759 1346 3.9775455119120497
1500 1251 3.7624277606576046
1773 134 1.2540680952919687
973 1346 4.831611374539092
1806 662 2.1276355999925447
1212 1039 3.7195817472820645
798 2008 4.17701264890113
618 1587 2.313562571017109
1664 1136 1.8896608443501899
633 155 2.8571474710311584
685 704 4.401708356249862
1382 1912 2.3625941592618065
1754 1505 2.432924739506157
1775 1429 2.6243171223371022
6 1527 2.5366155383948596
1746 381 3.4112762950770548
1934 378 2.634601450346682
1460 1176 2.0283946962401753
170 20 1.9382246522692914
71 600 4.6488496285787795
880 996 4.003619105485967
118 1391 1.3998237117754693
1397 1199 2.149828846523515
1079 210 1.1077966525974867
1588 798 1.7048630470690704
34 1028 3.991155705250828
951 168 4.226819841707742
490 1954 4.939817085864702
52 594 2.172135182212023
558 1513 4.6513116350819015
913 880 3.368153951623887
1075 431 4.164968989218023
970 251 3.5884283355454203
531 1507 3.5746397679911643
853 1138 1.0759907177131915
352 734 4.14922216712492
1090 430 2.3005646534833852
1678 965 4.8551649656399904
596 1278 3.6618722203626293
1764 893 4.883283748266179
941 1474 2.2237958602457093
2011 449 2.4634211770656287
1197 1297 4.01182800040173
613 1055 1.7520911310342555
379 1534 3.324457960732231
550 423 4.060202761122342
1033 990 4.838949038621053
306 151 1.3871244044577278
888 1190 3.081852289484926
1046 553 1.3640635456859944
1603 123 2.977345939002215
1849 754 2.0868876292774767
1191 996 4.366049379575491
674 192 4.027232260574079
116 1886 4.953795533736537
1001 1953 3.684057955944574
208 1724 3.5899906357836873
1228 1330 1.1742471050085044
934 681 3.810692826413964
1312 606 4.913246923725435
634 1417 2.568145467503982
774 226 3.667772250148664
10 1620 3.988838121493058
552 1225 2.8070865217981593
1400 1983 1.6969573093835137
1679 992 4.355624873584145
1274 1063 1.5819041844775001
1336 1102 1.308616239379484
906 1633 3.769730253680214
440 654 2.1254187752508984
1142 881 4.143996792228422
404 102 3.9349467806071203
590 1465 4.325913922967571
313 1314 2.5745936212847034
1683 655 4.754000999175267
370 75 2.9622467667702783
528 763 1.3131170538595756
906 1021 4.122006705622283
1543 1042 1.0036347107871189
1653 1247 4.232826553115427
218 289 3.5698777268403057
715 974 1.6909616018614848
1819 1267 1.1278635771413899
107 590 2.313243673201239
682 943 1.9658627819016106
1419 114 3.7050725069281976
1389 1199 4.727222938955048
479 5 3.840597007760694
1272 2019 2.0190079010074653
1229 551 2.4728326455597687
1993 1144 3.2053012349179033
798 1900 3.246991990085194
1914 1872 2.149894525054856
18 79 1.8028621876802058
430 1318 2.8150287262271316
1861 1653 4.797530025953817
679 487 2.2395439659965093
786 657 1.4726890337836842
1171 250 4.433297387018731
250 328 4.724522889144602
316 309 2.0791838819722934
1594 490 2.6862450389541626
186 452 1.8720387095585571
1446 2041 3.8259359872111687
834 598 3.0738822795446032
1060 1548 3.154740161177997
199 675 3.827477431826143
1979 1362 4.429524261784244
1049 458 2.035239709256732
1781 601 1.330800594497275
1691 695 2.119917331673849
1102 1013 2.17311174382024
1742 1558 2.978522195829867
2030 1819 2.1682297522022718
1464 747 2.9155035778074834
681 1918 1.9628269081501304
799 1418 4.215850468006515
936 1718 1.4223955961095491
1925 1668 4.658405394055768
742 1193 2.7863641288318317
1770 869 3.3587523687745393
684 1608 3.92504323103191
722 1646 4.184147045603307
1307 735 1.5619927842012924
1738 150 3.0338280857260433
1410 480 1.309904232347927
1474 1000 1.2173239483614378
1392 1210 3.7123504551079893
1822 1578 1.6503214434251525
809 1303 2.7473417165802387
560 1498 2.0755061386090565
867 639 2.7379262991295827
1163 1889 3.1370382593984947
1155 754 3.058755086775375
793 199 1.685990658357055
338 1751 3.7573802236027904
1770 1292 3.941181566529299
511 1143 2.1132711815937966
893 1040 4.8233721244365935
225 973 1.9408683797005444
1131 275 1.5382037406742275
1892 259 3.7618153410382895
1533 562 4.290934032985366
40 1231 4.579998008068221
645 1211 2.6536247977898317
2044 1895 1.7328368872611573
1371 354 1.882139485855133
1463 2020 4.261681355369857
1826 1056 4.051710840223789
624 1592 4.154628999108105
406 2044 4.87395946798083
1155 1640 3.0413529630679497
1211 1245 3.55299226754103
1379 339 2.5423233226454798
596 481 2.4310976892434324
922 76 3.037296016853994
1146 2031 1.205636322099438
1879 1959 4.678856578427589
111 1415 3.2660646231932837
1690 1071 2.500826748953844
1289 116 4.791038119129539
1964 1606 4.773826544153868
699 258 2.580153990742235
692 1352 2.4900361297740288
867 2023 2.184467062941963
1599 1424 3.2774390244780665
478 1982 1.3623299503722355
784 17 2.692740172166975
1767 1605 2.702528447452089
408 1002 3.4533202349894285
464 1887 3.949570785478204
655 1080 2.3150434495302323
853 167 2.7303351486234595
537 1353 1.3054789746117201
790 721 3.580690588336199
330 1950 2.543780670348457
117 367 3.1104126382072295
985 1107 3.9394083931212895
704 737 2.590365753798119
1389 1585 4.962727215811018
265 1810 2.8065814528254296
340 1089 1.617716480499909
912 769 1.7555524764248167
1266 1013 3.449472163941755
1051 369 3.0019259449717017
166 916 4.3360362936224845
569 1537 1.6816955789578096
1085 2027 2.226332202918074
1 1139 3.832089315100509
1185 1867 4.6373791959517305
1351 1241 4.511188258829538
1419 1536 1.1458880807401157
1300 1961 3.171176557665604
1980 1773 4.7331697912927115
1728 162 4.401012017438882
1468 1001 3.3108081356497365
610 925 2.838933363057211
1735 1543 1.8694546737511804
1473 1131 1.0899610770507184
89 1367 3.528784285445644
47 1174 2.324018720719797
979 1374 3.276022582725547
