256
311
0 1 2.8198679358715633
1 2 4.032128364171944
2 3 1.9307843491446706
3 4 4.409749075463139
4 5 3.604976314271748
5 6 3.6612903538068196
6 7 1.5210643271014326
7 8 1.3385035640396934
8 9 4.703403681235638
9 10 2.893822015660625
10 11 4.689620956798359
11 12 3.0836691434840087
12 13 2.7158252178137774
13 14 3.031703658141261
14 15 2.4378524237972465
15 16 2.8413223475522082
16 17 2.435217589879389
17 18 4.2760960519694216
18 19 1.9165998074220996
19 20 1.592622391722763
20 21 2.8379127573922003
21 22 4.518149871629188
22 23 1.0753439561347924
23 24 4.013169559898403
24 25 2.8832488944354986
25 26 2.4787472137814284
26 27 2.3198723387201223
27 28 3.35291055803371
28 29 2.5236646585625158
29 30 3.4090061100179616
30 31 4.315664570237377
31 32 3.281850075568122
32 33 3.179798259998652
33 34 1.5102420296373147
34 35 1.3593912707487323
35 36 3.620599127195336
36 37 2.9615157327762893
37 38 4.065950025603047
38 39 1.1928496798994894
39 40 4.262797958787033
40 41 3.41855095874603
41 42 2.265614590538952
42 43 4.241142954253079
43 44 4.625249540714693
44 45 4.488656931245503
45 46 1.9441889429376698
46 47 4.56308286110195
47 48 2.76364862928258
48 49 4.044010585430035
49 50 2.8692728829144345
50 51 2.714874737294504
51 52 3.6608650936092246
52 53 3.761487581040228
53 54 4.558784291459255
54 55 1.7224408142718355
55 56 3.246718156137422
56 57 4.963133619318507
57 58 2.0646970601535033
58 59 4.507920379000611
59 60 1.103211751441488
60 61 4.672351182704368
61 62 2.189260206103838
62 63 1.8605276641486794
63 64 4.776303562125498
64 65 4.079948760399537
65 66 2.673927505590127
66 67 4.235111163386462
67 68 1.2901362223871509
68 69 2.5033568564962345
69 70 3.428382672247869
70 71 4.953868732588381
71 72 3.4802262061696645
72 73 2.1184080023189686
73 74 4.223079063214621
74 75 3.9152131049012695
75 76 3.4595584194080873
76 77 3.724283271678066
77 78 4.511841539448238
78 79 4.964612247112024
79 80 1.5256731039101994
80 81 3.1360075978020308
81 82 1.6637674621238552
82 83 1.1060169705736982
83 84 1.6661570688288179
84 85 1.912155314648214
85 86 4.03128129919209
86 87 2.575609805305608
87 88 3.9222162825188067
88 89 3.276742624717914
89 90 1.037513500699348
90 91 2.4764463500273237
91 92 4.661339403410121
92 93 1.2075280086783073
93 94 4.513310927914984
94 95 4.504336470980485
95 96 4.120157441419803
96 97 1.2244766092233696
97 98 1.5200691761947138
98 99 2.9988996208673258
99 100 2.7444015120193717
100 101 1.0449801172250646
101 102 3.4829256204702896
102 103 3.958203572276344
103 104 2.075084722178187
104 105 4.92369398208372
105 106 4.238789386544051
106 107 3.7925373998193366
107 108 4.6795114874553665
108 109 4.288016732295329
109 110 3.2196813702209
110 111 3.99251568589348
111 112 1.7290733319531961
112 113 4.099444524954044
113 114 2.422778001763163
114 115 2.175481935937506
115 116 1.1871178834731415
116 117 3.12848489360346
117 118 3.362721226980411
118 119 3.6505851926366866
119 120 1.0785223732677651
120 121 4.56226699571457
121 122 1.973993562204377
122 123 3.939995575266666
123 124 3.2364735992339653
124 125 2.4124442968701163
125 126 4.0274340868097065
126 127 2.740855022896026
127 128 4.487498665622457
128 129 3.7813709142475385
129 130 3.225670987557528
130 131 3.273228131078813
131 132 3.670357463461603
132 133 3.9497421791545944
133 134 1.4917911340699317
134 135 4.095592112129799
135 136 3.223767692517076
136 137 2.6036904384562267
137 138 2.939480926871304
138 139 4.392491074581168
139 140 1.2281435642769356
140 141 2.076117998240408
141 142 2.8604345610580713
142 143 1.1153828497089635
143 144 1.4752398492969152
144 145 3.663867973030774
145 146 4.134779389628594
146 147 3.79599245868693
147 148 3.9946357902831253
148 149 2.479764035606282
149 150 1.0461223897874108
150 151 1.4338593841732585
151 152 2.9905270221613263
152 153 4.869411851816604
153 154 4.881426240808822
154 155 1.023226168683078
155 156 3.7636466591016293
156 157 1.2367776582102725
157 158 2.106602568376931
158 159 1.7382385424582867
159 160 3.2060452791762533
160 161 3.866049390366128
161 162 2.531167217237868
162 163 2.3502344177801873
163 164 1.5328034879748853
164 165 1.42750540364416
165 166 4.158688363891946
166 167 4.996043193036754
167 168 1.8509989344733846
168 169 4.036171487525062
169 170 1.6100408496223757
170 171 3.961809686360739
171 172 2.40751244370371
172 173 1.4678742297777179
173 174 4.446339919381681
174 175 4.957204308392969
175 176 3.3132989760675713
176 177 3.272851232737047
177 178 3.8822385326487563
178 179 4.1009513021803174
179 180 2.4468365707798654
180 181 4.705727224919942
181 182 4.550735132216623
182 183 2.5005186814225895
183 184 3.7265842321268674
184 185 1.3216782154364854
185 186 2.8554910373272064
186 187 3.503657630416781
187 188 4.5569878846690814
188 189 2.25514207594289
189 190 2.385558073774897
190 191 1.060351380552317
191 192 1.4967961181318592
192 193 4.4929885247440975
193 194 4.8742497225915535
194 195 1.4799981885304025
195 196 3.8873800555603863
196 197 1.0274820192512273
197 198 3.4467182679923316
198 199 2.5321048756340767
199 200 3.026284645367792
200 201 3.4044405453183986
201 202 2.040506083862455
202 203 3.0229805488646906
203 204 1.0908982082445409
204 205 4.932090274246697
205 206 2.8962799311932392
206 207 2.1810110772675984
207 208 2.9119492161852456
208 209 4.271003752424238
209 210 2.2112861927852663
210 211 4.621170130376613
211 212 3.2079187174169395
212 213 3.3986151897002004
213 214 2.5334768626448736
214 215 1.49728326232422
215 216 1.3932854633639513
216 217 1.8488581695883606
217 218 3.368599096931165
218 219 3.3688521957970625
219 220 1.2579456252658532
220 221 1.7706621099441406
221 222 4.79148165463554
222 223 1.1658925077183855
223 224 1.9636528205987287
224 225 1.1446454877900663
225 226 4.684337602953582
226 227 2.121536568098492
227 228 4.325230323378111
228 229 3.433827956864452
229 230 4.431251766812341
230 231 4.819450879932592
231 232 3.999310263466247
232 233 2.493668075108397
233 234 2.7304368049859367
234 235 4.783199201133223
235 236 3.0270756632239584
236 237 1.496620846764435
237 238 4.474029379402577
238 239 3.598493538274053
239 240 4.446735607005428
240 241 2.7399169969578643
241 242 3.0264668459890847
242 243 1.0616349728836645
243 244 2.9062534750069857
244 245 1.0877941516722691
245 246 3.8471189912519774
246 247 2.286837233409742
247 248 2.881350841874677
248 249 4.137343080555718
249 250 3.853411060562338
250 251 3.7402123888314702
251 252 3.5877843664878712
252 253 2.5626751137878183
253 254 4.201475426670584
254 255 1.6027368627769154
154 16 2.632301018893249
237 107 2.8390721796782974
60 155 2.493020978930001
34 98 3.830072425906083
104 123 3.450589437469364
134 124 4.004875534042641
41 255 3.954618624128235
233 82 4.92774915759681
3 149 4.513763459848502
206 180 2.103698016005314
232 104 1.360063774659519
102 82 2.8421151424251114
254 100 3.121929496130662
160 128 3.7151944910883796
74 64 1.9107270169858372
117 12 4.115886815505522
232 86 2.6977375446156477
78 27 3.536473132468353
45 67 2.5034250744217217
14 222 1.9587643623333584
205 252 2.276260999050395
240 191 4.360036876370552
86 119 4.617772584721299
160 204 2.099458720426746
191 222 2.4552585665007656
52 27 4.994478604478798
217 157 3.589561336201922
68 137 2.1788870842382457
27 51 4.22958662617242
251 219 1.4830544968459565
224 15 4.920246240653866
97 157 3.6924385419648496
143 85 1.5730862642552257
61 220 1.2419567927337876
205 88 3.490810641110298
213 57 3.408423292597325
235 163 2.258951824504335
155 242 4.474799729583581
139 175 2.1819465133014098
62 131 2.6291159803804853
41 54 3.7852779530510157
197 36 3.4406601471435385
36 150 2.449377415653877
35 153 1.0677545480652286
212 64 3.8933645780083292
246 133 1.3493010775594314
18 47 2.6772022427327298
52 229 1.8010064802204946
227 95 3.3885186177015263
203 240 1.8824903428829418
226 41 3.7421634651706817
19 199 2.362911388247215
98 217 4.789974762140283
27 182 1.8927758065962275
104 165 1.6079658752594344
211 98 3.413016294190958
