32
496
0 1 2.76434526013468
0 2 2.9932482110280536
0 3 1.0024143192801809
0 4 4.309812329125325
0 5 2.1286928032899834
0 6 4.551312363453314
0 7 3.8896875270311337
0 8 3.5349115803411832
0 9 1.9468781477132056
0 10 3.0909525910753235
0 11 1.3424014367330335
0 12 4.403023323820446
0 13 2.8183661680770697
0 14 3.3280107728248147
0 15 1.001198077615285
0 16 2.4144226934772206
0 17 4.754450686577009
0 18 4.490703105853159
0 19 4.80492203367543
0 20 1.4331025275752753
0 21 1.6540645573378026
0 22 3.838918813953605
0 23 3.7502928150910284
0 24 3.455644375682575
0 25 4.3734121595727675
0 26 4.390565880741624
0 27 3.0822996138541696
0 28 1.1580672446185636
0 29 1.4305512202401078
0 30 4.540143583906877
0 31 3.2135303637823758
1 2 1.2208617528163108
1 3 4.8950573129942345
1 4 2.5969052228995544
1 5 3.687214835867367
1 6 1.3396777088085643
1 7 2.7755728843430356
1 8 2.588022390682608
1 9 2.325553410535058
1 10 4.091433362875877
1 11 1.589928441600227
1 12 2.0511523437243206
1 13 4.590382565609643
1 14 1.4872101385703624
1 15 3.8343649245046647
1 16 3.306168578416156
1 17 4.61559672706997
1 18 1.2645034596348745
1 19 2.351875086017088
1 20 3.828231778555807
1 21 3.325386729947636
1 22 4.730531136230759
1 23 1.3228898080182252
1 24 2.6552824604345204
1 25 3.8387254848403716
1 26 1.9331702072055745
1 27 1.6608227761546823
1 28 4.102209096874872
1 29 4.425353765329669
1 30 1.1334237611680766
1 31 4.975052666042252
2 3 3.4838814119661925
2 4 1.0714491919604452
2 5 4.891042703308099
2 6 1.2948121511911097
2 7 4.161839172930267
2 8 4.144518579859428
2 9 3.9144650596761834
2 10 3.615354039801812
2 11 3.8726485949460394
2 12 1.315739090812845
2 13 2.3545261742695307
2 14 1.645591630733637
2 15 4.876159876122724
2 16 3.9571685421413005
2 17 3.6868192936888327
2 18 2.705852810059396
2 19 3.406176939127656
2 20 3.1156994407685827
2 21 2.3685999787855585
2 22 1.524237903532427
2 23 2.4612314284508026
2 24 4.497163565182551
2 25 2.31235746759322
2 26 3.64832086613887
2 27 3.8560173844511167
2 28 4.563082914163619
2 29 3.872850740674302
2 30 4.469405405649145
2 31 2.967581399427646
3 4 3.903062074485533
3 5 2.13284162911979
3 6 3.150986873711594
3 7 2.0944642004543406
3 8 2.8960740011469897
3 9 3.5057232123920663
3 10 3.976270601385228
3 11 4.665091652846406
3 12 3.3989824181172117
3 13 3.4533407408079744
3 14 1.1289196420101475
3 15 1.9625318111814205
3 16 4.1811541103071
3 17 3.6302198608429657
3 18 4.491491684758502
3 19 1.5576717281265124
3 20 2.473127795720041
3 21 3.360968012953353
3 22 4.417562076300825
3 23 4.021252344072461
3 24 4.716097093547894
3 25 3.191386294431404
3 26 3.6405841862309147
3 27 4.848689386489516
3 28 2.9349389005856334
3 29 2.557351572176082
3 30 1.6582639347830384
3 31 4.216503541066554
4 5 2.2061564489240775
4 6 4.588354752421104
4 7 4.642424717405092
4 8 3.8525453928747737
4 9 4.483213379636425
4 10 2.6933442089196937
4 11 1.9486732751475522
4 12 1.3599036179420891
4 13 2.870838648230593
4 14 3.110199584730934
4 15 2.0285069879267468
4 16 4.586868532076388
4 17 3.479912045843886
4 18 1.5018954283288797
4 19 3.140203509082039
4 20 4.196650629975218
4 21 4.443555739909602
4 22 4.337283964796384
4 23 1.080571305217763
4 24 2.0104680694155976
4 25 4.287168063101063
4 26 4.2976305864665925
4 27 3.428015956431271
4 28 2.6032671476648086
4 29 3.9785515606697475
4 30 3.669423348998649
4 31 1.512374569247891
5 6 3.1032357488865223
5 7 2.185753489544953
5 8 1.182285117502588
5 9 3.57059802361138
5 10 4.49370771772411
5 11 4.115814132900782
5 12 3.0808709123962696
5 13 1.1292689152555706
5 14 2.340820991701358
5 15 2.695932930362776
5 16 1.7205705530272124
5 17 4.539582495777335
5 18 2.609412298744779
5 19 4.303401955744088
5 20 3.84502712363817
5 21 4.787765235882376
5 22 1.5282595226888591
5 23 4.692079750734545
5 24 1.0974432146955442
5 25 3.5706900729567854
5 26 4.453522609711502
5 27 1.2964024356655206
5 28 1.8583107088658983
5 29 3.031804170264106
5 30 3.48816328465806
5 31 3.9887909072921985
6 7 2.5135285681048236
6 8 3.0806149682073145
6 9 3.937986010596917
6 10 1.8184526049963874
6 11 3.0611087985766803
6 12 3.2915484134824404
6 13 3.8129407969700932
6 14 2.012994755543823
6 15 4.392075202445392
6 16 1.1398562614255296
6 17 4.782030699494259
6 18 3.982550182786565
6 19 2.193761803526655
6 20 2.059139190887481
6 21 2.9300947583414474
6 22 3.005752989666754
6 23 3.4252034586516973
6 24 2.9335742297916165
6 25 2.9834021993448165
6 26 3.863766550460366
6 27 4.806718125709004
6 28 2.9455746709801747
6 29 2.4194054731748897
6 30 4.314660442244506
6 31 3.8418786645458205
7 8 3.805051002804946
7 9 4.846702231295886
7 10 1.0924701104161034
7 11 2.2800767920282436
7 12 3.531485835239782
7 13 4.798488107305481
7 14 4.717738211335995
7 15 4.424402541093919
7 16 4.953319537106266
7 17 2.985307039240336
7 18 2.766779151772758
7 19 3.5003722523977934
7 20 3.722677866866257
7 21 4.349172680935891
7 22 2.8435811022328092
7 23 2.33921503552852
7 24 1.7184155966628603
7 25 4.972457698853793
7 26 4.360400303479425
7 27 3.4053634585499033
7 28 3.7723119416364366
7 29 3.656640024838963
7 30 4.290579563754327
7 31 2.7061229854119917
8 9 1.7579901898038077
8 10 3.0720312623224943
8 11 1.5638390330863823
8 12 4.4103171752225006
8 13 2.427029167488029
8 14 1.2040322025355077
8 15 1.5158196579268388
8 16 4.694968623721117
8 17 1.8980521816873326
8 18 1.6815318789520113
8 19 2.4257246787003313
8 20 3.4354989187615628
8 21 2.790165127425572
8 22 1.918304506488068
8 23 1.2191159457060734
8 24 1.6331717693363794
8 25 4.093109458868836
8 26 3.1639812506535376
8 27 2.5657859870280757
8 28 4.271379250005924
8 29 1.2049496998228246
8 30 1.7932388192515885
8 31 2.364102807439324
9 10 4.386332073874552
9 11 3.0489468592922058
9 12 4.054692866044851
9 13 3.1171371972776534
9 14 2.4530471971770167
9 15 3.407200869623829
9 16 2.064552359067187
9 17 3.211613863067367
9 18 1.8668679368180499
9 19 1.6252642974614857
9 20 1.5495930475097195
9 21 1.0197287085990219
9 22 3.122138920810682
9 23 3.9307521923403095
9 24 4.3394870501697556
9 25 4.346412395588915
9 26 3.6507135452423847
9 27 1.0990775438814455
9 28 4.43939016724719
9 29 2.018768035498963
9 30 2.21191637860625
9 31 3.4655887969392385
10 11 1.420479591539487
10 12 1.4564870518898223
10 13 1.7376896521770777
10 14 3.3364269808768623
10 15 4.466550075922224
10 16 1.1178555235480698
10 17 1.1100087554199418
10 18 3.213974266616124
10 19 1.10232194018816
10 20 3.2025772916537796
10 21 2.4219343183589266
10 22 4.289371543829738
10 23 4.978001328820266
10 24 4.029533962698716
10 25 3.119995839650456
10 26 1.354040036754662
10 27 3.968169934003479
10 28 3.7128852632033276
10 29 3.8390399983351413
10 30 2.5157995411608813
10 31 1.503322028166187
11 12 1.4347815853284076
11 13 1.502023092138951
11 14 4.196123750796219
11 15 1.8941421290475047
11 16 1.1712598314030669
11 17 1.2167475146220146
11 18 2.811595207844058
11 19 3.8377095931081278
11 20 2.3137410046817015
11 21 4.661568390013371
11 22 4.0508663442489095
11 23 2.9526718531259983
11 24 1.6473204141986386
11 25 1.176564605139029
11 26 1.9360199724555556
11 27 2.5819325579327055
11 28 3.3270474454016634
11 29 2.1026619731612692
11 30 2.6723767872087114
11 31 2.72321103674786
12 13 1.972501329685905
12 14 4.09115002074263
12 15 3.24615284935895
12 16 4.600261022944117
12 17 3.449346591405116
12 18 2.766304817083219
12 19 1.77903254093366
12 20 3.215136689790172
12 21 1.5396225112149482
12 22 3.702682863566231
12 23 2.156595853526841
12 24 4.769030815921724
12 25 1.6729661727332452
12 26 4.820329900604261
12 27 2.264984920593447
12 28 3.3910746333357227
12 29 3.2753416871571255
12 30 4.85232471521543
12 31 2.2653248888036193
13 14 3.239142336105061
13 15 3.5761552527313243
13 16 2.7977244509646675
13 17 1.8020036035038758
13 18 3.699854262728774
13 19 3.3644827330017057
13 20 3.168333847810813
13 21 3.686631386658904
13 22 1.2858755128384094
13 23 3.1134386762649906
13 24 1.7022477297238812
13 25 1.5173049845030717
13 26 1.9574844100108404
13 27 3.1158519479323266
13 28 3.580784003078799
13 29 4.505488134939471
13 30 3.9783334089335733
13 31 1.0170558678621413
14 15 4.254737653320989
14 16 4.927717012405031
14 17 3.673851521681149
14 18 3.5505633954516096
14 19 4.654843820075982
14 20 4.58868054099079
14 21 4.562606142486208
14 22 4.965678827556209
14 23 4.0688655020224616
14 24 1.2799760117794365
14 25 2.3095247185762564
14 26 3.745728985921924
14 27 3.6360621585531754
14 28 3.003501122442371
14 29 2.05836513780602
14 30 3.27890552975468
14 31 2.8990341209342896
15 16 2.4425584945991763
15 17 4.855468341075567
15 18 3.114820371213595
15 19 4.4593478640601605
15 20 3.448354671059627
15 21 4.906735164765715
15 22 3.93795655164162
15 23 1.6976381618354934
15 24 2.163083497641301
15 25 2.203757136700392
15 26 2.9068560623098745
15 27 2.575612545264885
15 28 4.939277406826353
15 29 3.511452342125763
15 30 3.6163799106520473
15 31 1.0566911776895318
16 17 4.414924791696105
16 18 4.359756111002284
16 19 2.577621380267146
16 20 1.190218439497666
16 21 4.066352825548245
16 22 2.3170885504461496
16 23 1.1742951517175437
16 24 1.186537640347976
16 25 1.691198843121171
16 26 3.1253082956423346
16 27 1.7901332928004745
16 28 1.8583439002471267
16 29 3.951169234398946
16 30 4.096318934033803
16 31 1.9981249178492004
17 18 4.608374468536636
17 19 1.3216778848981607
17 20 1.6927827751345306
17 21 2.959771094585599
17 22 3.8348315445497203
17 23 3.778301015242808
17 24 4.150885422254959
17 25 2.750518438355825
17 26 3.543236655024259
17 27 1.1014344201379629
17 28 4.185290849327645
17 29 4.356461918993537
17 30 2.145485214388736
17 31 4.615271579530135
18 19 2.4238067076255656
18 20 3.3051473959540547
18 21 2.4500159137429245
18 22 1.047197238214384
18 23 3.720852452825785
18 24 2.5021018993480513
18 25 1.7165277660895417
18 26 4.116441492403394
18 27 4.554903614864212
18 28 1.8143175581467856
18 29 1.0381948600665885
18 30 1.7411340265718418
18 31 1.6529534408481656
19 20 4.708690490960237
19 21 4.404919365777809
19 22 2.9051484432144683
19 23 2.223464811476719
19 24 1.8626922684262044
19 25 2.6277278995869984
19 26 2.1160753345673866
19 27 1.7832710586871325
19 28 3.086756663734576
19 29 3.648293052221508
19 30 3.982788473035991
19 31 1.177735780717736
20 21 3.890972277284776
20 22 3.841655751472684
20 23 2.879424832067784
20 24 4.872671419103904
20 25 4.758787759180846
20 26 1.9241607982343667
20 27 4.317254150501377
20 28 2.0405022957878582
20 29 1.9977484813877813
20 30 2.5692281654992986
20 31 1.2524962371718513
21 22 1.5457250621195646
21 23 1.239155047521764
21 24 3.31911444509017
21 25 1.374387273305412
21 26 4.572061098525731
21 27 4.884119189035108
21 28 2.1160341128651328
21 29 3.209855609140646
21 30 3.755352612048201
21 31 4.5263112182365965
22 23 1.1905457204948902
22 24 2.4190451723250233
22 25 2.8897675225975274
22 26 2.813210780196496
22 27 1.3761647076671726
22 28 4.091522178368136
22 29 1.6578569221506347
22 30 3.3428626308915637
22 31 1.8836769938906737
23 24 3.257595832654285
23 25 3.008732819814335
23 26 3.662891677779493
23 27 2.755604038541642
23 28 1.7330880252047978
23 29 2.032691039863239
23 30 3.4970545129198
23 31 3.250217202863456
24 25 1.3613932080278888
24 26 4.257892595582229
24 27 3.780066972110692
24 28 1.9897407981130417
24 29 4.789545046616759
24 30 2.7465772985328334
24 31 3.35029797840162
25 26 2.7286020370312176
25 27 3.1600702523044744
25 28 4.089695631614447
25 29 4.3166069918024625
25 30 1.2894390101578397
25 31 2.9519535461530504
26 27 4.310918619161496
26 28 1.483645759194887
26 29 2.8330648460953802
26 30 3.004623673474953
26 31 4.198857283221027
27 28 1.1445121932601818
27 29 1.066942525920966
27 30 2.2012350897143844
27 31 4.562993450107998
28 29 2.4908471322950443
28 30 3.168718401999536
28 31 4.8436187521675125
29 30 3.3777207302853225
29 31 2.923233561383092
30 31 2.660788321022089
