32
35
0 1 2.761302184897926
1 2 3.097612335643709
2 3 4.954590071048931
3 4 2.698056525924355
4 5 1.5079465616394394
5 6 2.280543706154712
6 7 1.9114657362052712
7 8 4.7905246942056365
8 9 1.7932560316597472
9 10 2.158345214153308
10 11 4.22232895848925
11 12 2.8252943625409688
12 13 3.4533147785411513
13 14 2.890864505326356
14 15 4.337057133168875
15 16 1.0896628927755816
16 17 3.8053155821219518
17 18 3.6202474160665528
18 19 4.680026191623416
19 20 1.6891858060358667
20 21 1.8281567245529287
21 22 4.374369863063924
22 23 1.2081465944343375
23 24 4.92468014406115
24 25 3.268794516853009
25 26 3.991737388826897
26 27 1.9462400163201141
27 28 2.0891134932749846
28 29 1.448841817672112
29 30 3.7677394025093607
30 31 4.703121190385238
9 21 2.9894896406271863
24 26 3.80104360143705
22 29 3.2450372767464897
0 10 3.5295775861805576
