512
623
0 1 1.7122001446920767
1 2 4.479054615088062
2 3 3.6318807956639017
3 4 2.8613343270416403
4 5 3.7540502664638473
5 6 4.354027703626803
6 7 2.598686023865516
7 8 2.685935128419414
8 9 1.8686940598067583
9 10 1.16379205628088
10 11 1.2731660820771684
11 12 2.250175879425734
12 13 1.2736795265916174
13 14 4.373531230081381
14 15 4.123610239054461
15 16 1.9156793491854112
16 17 2.3924618772346258
17 18 4.9143255929027685
18 19 1.0640490588869929
19 20 4.1417551603008675
20 21 2.423058902761743
21 22 4.588464767962568
22 23 1.2582066350872902
23 24 2.325857662040144
24 25 1.411378231489394
25 26 4.524163009329007
26 27 2.645463669077154
27 28 2.9493399736868664
28 29 4.214727674612867
29 30 4.1543625881808826
30 31 3.6161493930361144
31 32 4.440052853098017
32 33 2.4781449978776338
33 34 3.5355431997580804
34 35 2.121665349433351
35 36 3.193837615656399
36 37 2.6271450486592194
37 38 1.4734023054159224
38 39 1.964010557226981
39 40 2.5469755859449372
40 41 3.022711473652623
41 42 4.4869007154271925
42 43 3.5955285262045305
43 44 3.5694354840569766
44 45 1.7149084248698752
45 46 4.359931683992192
46 47 4.2507218060185075
47 48 3.737356501980838
48 49 1.39133298274997
49 50 1.6657505275919537
50 51 1.9944221629201238
51 52 1.4610570793057125
52 53 4.365698834121558
53 54 2.3501578031841555
54 55 1.043841262461851
55 56 4.716400564599418
56 57 4.944443284749651
57 58 2.0814012836612648
58 59 4.639376739591038
59 60 2.7549759938236007
60 61 4.616464501732371
61 62 2.6132207851259968
62 63 3.155347468845824
63 64 3.2362921499808324
64 65 2.760272016929401
65 66 1.6205416216261708
66 67 3.1459307172907094
67 68 3.1795270377450486
68 69 4.383964783887432
69 70 1.4214124856151544
70 71 3.920188660738401
71 72 1.071536597264104
72 73 2.3467242201913976
73 74 4.662213712117717
74 75 4.0821947161439045
75 76 3.77548535122786
76 77 4.453266954980013
77 78 2.198444911076507
78 79 3.5548649266886287
79 80 3.763441062284073
80 81 1.8321066153641739
81 82 2.013287964525959
82 83 2.9678694984754967
83 84 1.9365545160626128
84 85 3.6719753104922446
85 86 4.893123176957781
86 87 4.253585470747861
87 88 3.255535185981347
88 89 3.4196061839253504
89 90 3.1997397186169723
90 91 2.6508538504407713
91 92 1.595771530273594
92 93 4.8484695214536035
93 94 1.7338791717597095
94 95 3.3650701208425366
95 96 3.0947585616880504
96 97 1.4705607226527952
97 98 1.1801659873498087
98 99 2.4699549140420634
99 100 2.0258636167666917
100 101 2.495593592652015
101 102 3.8449578237039894
102 103 1.3919255855022534
103 104 3.942097618183047
104 105 3.543046797205192
105 106 2.212846016621324
106 107 2.2435307770832416
107 108 1.4532166189980589
108 109 4.227400305404961
109 110 2.775803515010146
110 111 2.2038245699787784
111 112 3.8771994303313857
112 113 4.925408334218717
113 114 1.1941059669613874
114 115 2.11810032139582
115 116 1.3473242510536223
116 117 4.229403826323501
117 118 3.011676916961031
118 119 1.2413136600379868
119 120 3.0517072229333695
120 121 4.79864000263823
121 122 3.4144068870505677
122 123 4.823030599099068
123 124 2.6959276448805642
124 125 2.3622497403941654
125 126 3.6069149839679757
126 127 3.123368796031841
127 128 1.9048149900281683
128 129 2.459316704676458
129 130 1.0441240371040266
130 131 2.042039527383311
131 132 4.423624568346629
132 133 1.3240322393844997
133 134 1.1348059070897327
134 135 1.426532330015942
135 136 2.977184342461927
136 137 4.00271234169405
137 138 1.5569479069197252
138 139 1.848878290953325
139 140 4.499789318342791
140 141 4.928610664825004
141 142 2.97268108123505
142 143 2.464905441732419
143 144 1.0589968930933105
144 145 4.856459589691225
145 146 1.4129884075643901
146 147 2.787723986612274
147 148 2.0454087882833996
148 149 1.9988821747873113
149 150 3.3744741702200463
150 151 4.307558485512983
151 152 4.4901096691566496
152 153 1.9934900447393704
153 154 1.5322077986768767
154 155 1.3844130503189769
155 156 3.0275597664840896
156 157 1.7172293719340996
157 158 2.5742692608394897
158 159 4.9566824101845235
159 160 1.8345676688526305
160 161 4.102414860337992
161 162 1.121986264985801
162 163 1.0767588433734705
163 164 2.577431669393037
164 165 2.508300141367234
165 166 2.5225099014074406
166 167 1.8889414593352192
167 168 2.8705571018264533
168 169 3.749929981811198
169 170 2.7092150428233257
170 171 3.9555631548148287
171 172 1.833608520244543
172 173 2.121487543771073
173 174 1.5981567811135005
174 175 2.1410271583146323
175 176 3.9973727974042794
176 177 4.521876881755664
177 178 3.9193511660766105
178 179 2.1727061723206584
179 180 1.9742737699249124
180 181 1.2340264064216466
181 182 4.029019887571945
182 183 4.585303452260954
183 184 3.3555424091823096
184 185 3.201147229561414
185 186 1.0930865843692308
186 187 3.235701965590309
187 188 4.257524391319494
188 189 2.678298830664294
189 190 4.7554020690454015
190 191 4.384809127245534
191 192 1.3071295231880806
192 193 3.7577570795736044
193 194 4.261920582499544
194 195 3.440820009096216
195 196 4.377347465460302
196 197 1.115675810222434
197 198 2.4528378933977764
198 199 3.1611410619268216
199 200 2.925628128988598
200 201 2.3406175707097123
201 202 4.571003405534316
202 203 2.864342809482433
203 204 2.371372830561479
204 205 2.73180611969291
205 206 4.009309075462224
206 207 3.9126266991851972
207 208 2.1837307457266797
208 209 2.1225765449612135
209 210 4.237608825495811
210 211 1.7253602760211364
211 212 1.4611283706926694
212 213 4.62228485585198
213 214 3.226153463882431
214 215 2.7136719187163765
215 216 2.0912258447698346
216 217 2.538709694445717
217 218 3.2024187288902684
218 219 2.929197637608744
219 220 2.9478709663850866
220 221 3.0061211638945626
221 222 1.203296398781486
222 223 4.476434755626556
223 224 2.6724547086891026
224 225 4.578154344028528
225 226 2.4591499006341353
226 227 3.0690172559952056
227 228 1.7965626474315965
228 229 3.1638076427899335
229 230 1.191916993473357
230 231 1.0313065392112493
231 232 2.5806605411583
232 233 3.7188192619014857
233 234 3.792039974752073
234 235 4.689828236262709
235 236 4.28399091642865
236 237 4.834181173583266
237 238 2.250697587072407
238 239 4.433876540447764
239 240 4.9592301974556445
240 241 4.446764999103522
241 242 1.294769363047331
242 243 3.4304627047203864
243 244 4.389245859055313
244 245 4.132996602959256
245 246 3.0051768979495685
246 247 2.9914178196808785
247 248 1.5743877770166859
248 249 3.4781673910703215
249 250 1.9480896953609443
250 251 4.522093063736173
251 252 1.7355114618612832
252 253 1.6447683813343557
253 254 1.8378938978488852
254 255 4.987601640137435
255 256 3.234492176127521
256 257 2.3612938199134046
257 258 3.715990825977714
258 259 1.398802475470164
259 260 4.715676978109925
260 261 1.559173781549318
261 262 3.1865230254895
262 263 1.914643653898802
263 264 2.3636985071779275
264 265 1.7302449113662202
265 266 1.7572806253020592
266 267 1.2124955254517076
267 268 4.32544494775553
268 269 3.829992919936644
269 270 3.9170079512708162
270 271 3.8500024797192647
271 272 2.9109670233234755
272 273 3.964423731766113
273 274 2.1846339702708435
274 275 3.4120395191498534
275 276 2.229965526008232
276 277 4.629012746116709
277 278 3.7299892939387704
278 279 3.1308709278029996
279 280 1.6816523874125724
280 281 1.3889643917586323
281 282 4.085475962751303
282 283 2.792064148878191
283 284 4.799557359489946
284 285 1.5231910328638931
285 286 1.6694784186664138
286 287 4.3866468450100236
287 288 4.551969874052563
288 289 2.094536181238093
289 290 3.146328117313167
290 291 4.2425423809727345
291 292 2.8260552520062467
292 293 2.562260418850724
293 294 3.1420688197463127
294 295 3.285000542691357
295 296 1.1882724339265227
296 297 1.1871910713247327
297 298 3.3533754695008944
298 299 4.339231594990063
299 300 1.8306039764461244
300 301 3.225995380330553
301 302 4.287573249828505
302 303 2.608297078142469
303 304 4.546789988067933
304 305 3.743594800974499
305 306 4.05862171521237
306 307 1.0215351759992055
307 308 2.6022914560494144
308 309 4.520685548796061
309 310 4.369242791212073
310 311 1.745037816195687
311 312 3.4316878843671486
312 313 1.914356102278128
313 314 2.235569494140228
314 315 4.550414566473691
315 316 3.4868428365146595
316 317 3.045284163498161
317 318 2.5765879439688626
318 319 1.6441757863232822
319 320 2.471282733985693
320 321 2.111693739544853
321 322 3.2799137266557596
322 323 4.431772584054572
323 324 2.0684161807098094
324 325 4.434271193287188
325 326 2.527265375990037
326 327 3.0317292484560965
327 328 2.346975676276157
328 329 2.2150975571338636
329 330 4.607365720862328
330 331 1.1944747771854662
331 332 2.4802843592650565
332 333 4.970733904964979
333 334 4.1825418713783
334 335 4.540712915694178
335 336 3.5438043023949413
336 337 2.80023233244898
337 338 3.0076921739790965
338 339 1.7372300324122607
339 340 4.930631782880926
340 341 1.4161288497789593
341 342 1.243285161433203
342 343 3.6104580475836285
343 344 1.7520607953796983
344 345 1.4942944954506312
345 346 2.5973324594198237
346 347 4.7337480150504785
347 348 1.2621745379908096
348 349 1.5077041557674118
349 350 3.7625747772312716
350 351 1.7870804579261286
351 352 1.3196106578805202
352 353 4.037258402519296
353 354 2.0698007661282345
354 355 3.5711282187151228
355 356 2.6483136222796753
356 357 4.35450476788597
357 358 1.320214571687579
358 359 4.636993023898205
359 360 1.4408379961159854
360 361 2.4251361985562805
361 362 2.9853818600403113
362 363 2.2043811021097457
363 364 3.2992190738294567
364 365 3.5962129589687355
365 366 4.298758259565762
366 367 2.035090090129791
367 368 2.5985035842411746
368 369 2.8602906680607725
369 370 1.4681697102058244
370 371 3.8275721709341126
371 372 1.1158087020093794
372 373 2.222587568062137
373 374 4.679024757882322
374 375 2.162216141238628
375 376 2.6208036887587687
376 377 3.8628824835891935
377 378 1.415871251379322
378 379 3.502194671989301
379 380 3.7681892094431197
380 381 2.942361348260952
381 382 4.054022302169678
382 383 2.2453156889738044
383 384 3.875067963647498
384 385 3.144114195494201
385 386 4.919604512264133
386 387 3.0683930447131638
387 388 2.1646356234273414
388 389 1.6998713437905142
389 390 4.250654966786454
390 391 2.0209887879593205
391 392 2.396827514790057
392 393 2.226517366604762
393 394 3.3351310345271554
394 395 2.2907993154122885
395 396 2.860074614440123
396 397 4.245349560868037
397 398 4.593432437392737
398 399 2.3556310543532337
399 400 1.5325450738018698
400 401 2.694245844306867
401 402 2.7836359929116266
402 403 3.182447532049259
403 404 1.6122013504025392
404 405 3.858100657928556
405 406 3.771148509974247
406 407 2.6558701554992226
407 408 4.619981878496749
408 409 2.020704668915937
409 410 2.0125589858817996
410 411 4.70447341927491
411 412 2.063103566863562
412 413 1.1041115441900344
413 414 2.0325066454523473
414 415 4.740029435105072
415 416 2.0003127224328496
416 417 1.3774501046935006
417 418 3.4197565260631997
418 419 3.446700545600015
419 420 3.6273631875808725
420 421 1.5642625979234381
421 422 3.7393603785339624
422 423 1.0716460761595146
423 424 4.121578622243718
424 425 2.3170676069981013
425 426 4.502654945211783
426 427 2.8090242180719462
427 428 1.4055010327963888
428 429 2.697983828960879
429 430 1.445667021204645
430 431 4.987859936612518
431 432 4.828582890884864
432 433 2.994283282336055
433 434 1.6679425162715895
434 435 3.827222600227618
435 436 4.5312994347370585
436 437 3.5485095693316664
437 438 2.633958665200153
438 439 1.6379760176119667
439 440 4.343188462993723
440 441 1.924961254250395
441 442 2.0136424891740736
442 443 3.4382355163413343
443 444 3.37814959755404
444 445 1.939000160778297
445 446 3.914524126242798
446 447 4.41407570867135
447 448 1.2087304403067245
448 449 2.6807017834063274
449 450 1.2297295995640858
450 451 2.912007241656278
451 452 4.86197783309002
452 453 1.8792940891322498
453 454 2.573381418648321
454 455 1.7658081606030058
455 456 3.529950141950687
456 457 4.341559120001035
457 458 3.457828570926284
458 459 3.133443539158974
459 460 2.035358901365125
460 461 1.0028490068445692
461 462 3.2014170320108817
462 463 4.430122859461635
463 464 4.666390682476872
464 465 2.1243439105382134
465 466 4.777403365527271
466 467 2.5308478496141413
467 468 3.3511454998172505
468 469 2.0082021280542324
469 470 2.8934305310924553
470 471 1.4467024620202213
471 472 2.586593256520489
472 473 4.494989763057183
473 474 4.277180368433433
474 475 4.182093465368373
475 476 2.9528226389255705
476 477 4.26925329062974
477 478 1.1088725960219508
478 479 1.8682285539686987
479 480 4.631913321153766
480 481 3.736232022295574
481 482 4.789824192030406
482 483 3.951522898715861
483 484 3.2461987606757123
484 485 1.33643564784253
485 486 1.3610154249174093
486 487 4.55855644781022
487 488 1.2542847689890526
488 489 4.547731204432422
489 490 1.811754510927817
490 491 2.0380092093490307
491 492 3.2443928550392056
492 493 4.61061510100874
493 494 4.91438120378423
494 495 1.594136388566381
495 496 2.1129486305143366
496 497 3.384247054336659
497 498 2.588763042505015
498 499 1.2406703779456256
499 500 2.2177614608588945
500 501 1.889203099230933
501 502 1.5487010317701926
502 503 3.006919297256709
503 504 1.5967342423996267
504 505 1.50299197909372
505 506 1.8364901071434248
506 507 1.1082707069406599
507 508 2.854258172521832
508 509 3.299217395287547
509 510 3.323399107730343
510 511 1.237232175447042
343 285 1.9088895869048357
3 455 4.43093921613545
292 322 3.9175958019843473
0 103 2.1551430962526608
30 376 3.403020114058383
349 464 1.2494186004240904
67 6 4.259224365587453
322 84 3.240361995667513
19 148 1.4446501732788182
316 380 2.9649700828859062
451 190 2.131354859850042
303 261 3.4907212580712064
78 155 4.351761753813054
266 172 2.1314074579490865
218 285 2.736850254086426
18 403 4.746525131283846
496 411 1.1375915333573436
414 1 2.186197203923977
480 124 2.431481700828845
130 167 1.6421172817568066
29 420 2.6882401073476476
29 507 4.190649107203435
180 271 3.0796841828313792
401 7 1.8771670997346401
493 477 4.021303359824971
163 121 2.842885319996172
322 445 1.945690464895308
407 172 3.7974710959146933
184 54 2.9792268068717487
3 386 2.840073022508598
313 196 4.358337034360957
74 134 4.609000133524678
72 202 3.6833036150220932
66 394 3.0402984348360684
175 51 3.107444335798232
133 370 4.331310986796319
100 31 1.7765169758034451
154 227 2.419296281584446
396 136 3.615347779022086
485 159 4.260207998336545
63 108 1.524530807273961
181 241 3.6463258717010145
272 8 2.9382603069646427
0 424 3.666626604823265
296 343 1.8429940178177238
359 236 4.549660240418784
72 453 3.070395052615165
410 407 1.0657472143787894
379 108 3.071542962475892
394 110 4.478942492729212
59 444 1.2208950403755385
92 231 2.7426563830833497
144 371 3.7170975935564456
198 497 2.4234966920837153
67 209 2.6073344867090786
278 367 3.229102660812762
336 53 1.3131678297587355
324 336 3.7229881032350347
62 330 3.5314566911357277
329 187 4.523245613124567
470 67 4.4609923646054455
476 96 4.723850025162443
460 138 2.363274749442158
334 215 4.874513656405448
209 433 4.642905701994728
341 359 1.710108332260957
304 158 4.5275717917420035
485 393 4.906052448775097
125 213 4.014929424198337
43 192 2.7102503530188535
92 509 4.9326695936973515
231 15 4.253831679477226
2 425 1.1616102377196813
42 396 4.829542187000194
471 185 2.8542676474253756
92 33 4.094450865537649
48 222 4.710050989997628
379 121 3.423000713202848
201 47 4.123228557687478
93 425 1.3313395339767404
426 103 2.1456869030113985
273 348 4.084081255797158
363 275 2.764537066961597
323 341 2.2386136751192898
243 150 1.0994675418478992
141 401 4.829418415809893
140 343 4.614167964614624
103 509 4.864474964241662
109 267 3.642412033830411
69 11 3.6518272934312552
497 215 3.014747548455146
56 306 4.177036532555938
76 336 1.3162002919468407
304 398 1.1065531534143127
389 333 1.7605051909889373
280 312 2.7293174096096138
161 268 1.2593406480294473
166 337 2.4382507847895867
161 503 1.0506236640545525
7 72 4.11739660510346
30 160 3.6183885393180995
363 46 3.6317995995210817
348 128 3.4416983160785795
207 412 4.925320245931795
13 73 1.7615163205316118
178 112 1.6137900639700344
265 1 4.6501102290445
504 316 1.8048947418347265
431 12 4.4434482011017415
422 4 3.694102057730258
384 14 4.649110923061158
361 46 2.2196066212885492
