64
2016
0 1 1.7810242593440315
0 2 2.6598259515776723
0 3 2.302479950397415
0 4 1.3945937066335978
0 5 4.400217529713744
0 6 2.6788768789901045
0 7 1.8048658325713935
0 8 4.155286792599025
0 9 3.3337448344411595
0 10 4.1931908239852405
0 11 4.193084437106526
0 12 1.4363231308821924
0 13 3.999518509180717
0 14 4.349703940070407
0 15 2.5839328123294547
0 16 1.1253517901114654
0 17 4.283535326984468
0 18 4.532797104250925
0 19 1.5935684756094126
0 20 1.5191237246581202
0 21 3.4979692306147445
0 22 1.850152579953317
0 23 2.1295050981528534
0 24 4.792951822216308
0 25 2.3646116870448672
0 26 1.4025582110528623
0 27 4.720537326662287
0 28 2.0848076466775542
0 29 3.5398402297010563
0 30 3.9170770500147594
0 31 4.952548512591628
0 32 1.865720130506375
0 33 1.3831896555694358
0 34 1.681219346264644
0 35 3.3339223508011373
0 36 4.9981576102651495
0 37 1.9326426719726428
0 38 4.281732525991375
0 39 2.824244417837777
0 40 1.1907820652257834
0 41 3.796055266512329
0 42 1.0566616008719714
0 43 2.5266131307511173
0 44 1.0018725914719533
0 45 1.530435243067049
0 46 4.399502521251872
0 47 3.1496122425644884
0 48 1.9138933891265744
0 49 4.4351028315105365
0 50 3.6773770994569306
0 51 1.4575466973216038
0 52 2.405879439077077
0 53 2.802456662051997
0 54 4.560381316003076
0 55 1.5437297921390583
0 56 4.06081038075035
0 57 3.0285426673275255
0 58 4.856044653426154
0 59 1.0458981527444804
0 60 1.7124853148262549
0 61 4.670829780796609
0 62 2.6641574567028097
0 63 4.081427770460478
1 2 2.931244301967143
1 3 3.3145545941809536
1 4 3.764712611564088
1 5 2.7942275652079642
1 6 4.50713351488782
1 7 3.401086380486177
1 8 1.436685044573272
1 9 2.6937885180034127
1 10 2.932489136123579
1 11 1.129812582696231
1 12 1.7727475032292963
1 13 4.554757167096643
1 14 3.4459186735614593
1 15 4.870395303287523
1 16 3.346151411252439
1 17 1.2739335009932535
1 18 1.8788552550172062
1 19 2.3597860483500246
1 20 2.871023326536823
1 21 2.243113496530122
1 22 1.0202679499109228
1 23 3.7986716568824477
1 24 3.4415570190446103
1 25 1.064845243429831
1 26 3.580032507552956
1 27 1.0283958528322898
1 28 1.7208736112196745
1 29 4.168642847244345
1 30 4.620883480218488
1 31 3.0766858619668973
1 32 2.602399770242987
1 33 1.1641327274332163
1 34 2.7997948106747756
1 35 1.5195740935376438
1 36 3.3017703748573983
1 37 3.9830645222365635
1 38 3.894619579533225
1 39 2.57613878896918
1 40 1.0435477694405946
1 41 3.672081617203444
1 42 1.861384788814687
1 43 4.262124530094848
1 44 3.707468321943713
1 45 4.952325959993988
1 46 1.4521940504132522
1 47 1.8171160840224028
1 48 3.537957884253895
1 49 1.9202416721597202
1 50 1.195070733036789
1 51 1.3457769736083929
1 52 1.5190935409428978
1 53 2.1491306898800833
1 54 1.6471323334247034
1 55 2.1961237743552324
1 56 4.715835287489652
1 57 2.5889965052022683
1 58 1.4285653544283505
1 59 1.8273106618178732
1 60 3.009650244788122
1 61 4.314189786942018
1 62 1.3492757368798678
1 63 4.1253366128984545
2 3 4.202706771110735
2 4 3.88466970520518
2 5 1.437291073566529
2 6 3.6634828920602827
2 7 2.9247030526188795
2 8 2.5090325846858
2 9 4.502353771471505
2 10 3.239622356127413
2 11 2.206705848691758
2 12 1.367979805560986
2 13 1.0076008485473609
2 14 3.932350453533687
2 15 3.4175678340036173
2 16 2.621249489211689
2 17 2.864348098928372
2 18 3.469575496009953
2 19 2.0043350173213055
2 20 3.3381164143636144
2 21 4.880794520958432
2 22 4.675418864656253
2 23 1.0763897911467928
2 24 1.3515936665862438
2 25 4.233966292064172
2 26 2.6355568850790587
2 27 4.297712858784633
2 28 1.9496099578845247
2 29 4.3178755598897
2 30 1.9652509314942028
2 31 1.3198996645068983
2 32 2.114306733870202
2 33 4.339288400554961
2 34 1.5216520350710177
2 35 4.257593034930979
2 36 1.304041984074598
2 37 1.7565821031297628
2 38 1.8346183931838294
2 39 3.1491231820572794
2 40 1.1056346256882428
2 41 1.7863586324167393
2 42 1.5577982877940237
2 43 1.08017683798291
2 44 2.0891508819359363
2 45 1.7619781391761045
2 46 1.3565768525074815
2 47 1.1229989414597927
2 48 3.6288018516601452
2 49 2.7812040084975833
2 50 1.7892910455617344
2 51 2.559105114411956
2 52 3.8644611517331002
2 53 2.626905980922887
2 54 1.5767579842859076
2 55 1.9012913453416584
2 56 1.855955993893383
2 57 1.8192383110143964
2 58 2.9091461466154027
2 59 2.886777106201572
2 60 2.851905252343798
2 61 2.34721058080351
2 62 2.3986601156477274
2 63 2.9221414308563216
3 4 2.6766274787866156
3 5 2.9989226274428873
3 6 1.2011203766716578
3 7 3.7695021310728136
3 8 3.262055498830462
3 9 4.058397435142313
3 10 3.644788589374592
3 11 3.041401232025759
3 12 1.710636357297325
3 13 3.420205983997958
3 14 3.116099472178596
3 15 4.3644589775016485
3 16 1.6383941418701062
3 17 1.4215237352327557
3 18 3.127767762255822
3 19 1.421738173058615
3 20 2.9346143887309806
3 21 2.6978899064749546
3 22 1.686839232173988
3 23 3.510509808098077
3 24 3.71927532660942
3 25 2.3046774757224786
3 26 2.0893069826109674
3 27 1.7680603102853607
3 28 3.8393188114634453
3 29 3.4441499253022045
3 30 3.659004241468244
3 31 3.257329143601809
3 32 3.10400248090238
3 33 2.585083331129475
3 34 4.495223601031292
3 35 2.369544407213725
3 36 3.047709801085062
3 37 2.298003620496775
3 38 4.7774823652093446
3 39 2.6603874966902334
3 40 4.410183329077881
3 41 3.217890715408131
3 42 2.1849982803111305
3 43 1.9155972844648885
3 44 1.6929273743136752
3 45 3.063451398690239
3 46 2.4241640472486914
3 47 3.574441996224422
3 48 1.2706838391939286
3 49 4.014256792038435
3 50 1.6734058295963665
3 51 4.983181888252933
3 52 3.4656689326876724
3 53 3.151058558404394
3 54 3.8802464779618995
3 55 1.277715075664331
3 56 4.117467085671031
3 57 3.823745955848032
3 58 4.613052003635939
3 59 2.9812990792872553
3 60 3.5153492695489215
3 61 2.0595880421118142
3 62 4.87190691257485
3 63 4.9007303952414
4 5 1.8123568998902626
4 6 3.9248498542017587
4 7 2.354645182046291
4 8 3.9730626052766578
4 9 2.1324503752369752
4 10 2.128130950937326
4 11 2.7468593501566336
4 12 2.8759342377566406
4 13 2.893927532654319
4 14 2.5411827652320644
4 15 2.0341844951938715
4 16 4.756974270587005
4 17 4.902136964540166
4 18 2.3993901592479823
4 19 3.4765227794789655
4 20 1.4004680366660698
4 21 3.8487430568282686
4 22 4.676340225940178
4 23 2.4811746396444527
4 24 4.622920919345313
4 25 4.210411037378655
4 26 2.4213052394668164
4 27 2.665188774067276
4 28 2.7310626354606753
4 29 2.6354638685745826
4 30 3.314422266725443
4 31 3.5344942803146164
4 32 3.0911763148707116
4 33 2.8498577376325636
4 34 1.718257567622
4 35 3.6356867622411797
4 36 3.650724945008107
4 37 3.389278041869987
4 38 4.405499408866234
4 39 1.692080812688972
4 40 2.3639075807111145
4 41 1.5825442554559288
4 42 1.4291318558534356
4 43 4.538636349639296
4 44 1.455404004000855
4 45 3.1652580383742768
4 46 2.393289236510347
4 47 3.8428545966669905
4 48 4.236944948665191
4 49 3.3765537458995953
4 50 1.8074837867077096
4 51 1.385208594152492
4 52 4.6236284780806916
4 53 3.1775184527906437
4 54 2.847918990277347
4 55 3.239208324654426
4 56 3.4018575139836607
4 57 4.768096077911826
4 58 1.3737026633993992
4 59 1.9976192590549142
4 60 1.9164620838306048
4 61 1.8016147668674494
4 62 3.5182632013656363
4 63 4.603536919206718
5 6 1.296149412390169
5 7 1.974516704516014
5 8 4.185962620383938
5 9 4.034142564311329
5 10 4.9694884518921505
5 11 4.688098859928791
5 12 2.8798098387086393
5 13 4.3203451429557
5 14 2.043382617724677
5 15 1.8316421866371204
5 16 1.5006016533758384
5 17 2.610235404081015
5 18 2.0392411042770817
5 19 1.497716296797472
5 20 3.345365435751089
5 21 4.249154391766164
5 22 4.5510704932868205
5 23 4.68531983292042
5 24 1.9511144607030761
5 25 2.043420435685341
5 26 2.071901802082465
5 27 1.9276777666419815
5 28 4.034894072307495
5 29 2.4037432447953746
5 30 4.233945499487035
5 31 1.700956707887089
5 32 3.6734846655893154
5 33 3.5375811087080975
5 34 3.5111775823119666
5 35 2.0496805341358644
5 36 4.199923261469857
5 37 2.3375699051855117
5 38 4.414666258323383
5 39 3.6513977239061743
5 40 4.221266145422028
5 41 1.8339576232076564
5 42 3.5476186826010987
5 43 4.2090044505205855
5 44 4.896815632572967
5 45 1.3343476034971404
5 46 4.281907699002362
5 47 4.035449690803924
5 48 3.581223923510015
5 49 3.189374219315355
5 50 4.235918988079945
5 51 2.7698233382292736
5 52 2.15177715055931
5 53 4.919325456863659
5 54 2.852379886183055
5 55 3.1033334898216514
5 56 3.9207181050787305
5 57 2.478453268620111
5 58 2.611680146348748
5 59 2.34740701245353
5 60 4.321627195224421
5 61 4.406322090504581
5 62 4.248918183316879
5 63 1.5255083691367646
6 7 3.4965274038408607
6 8 2.9065546356520477
6 9 1.447055485158999
6 10 4.024334336436285
6 11 4.421915194284711
6 12 2.1804342905551795
6 13 4.553832873637491
6 14 2.4216410101997363
6 15 2.0654684127776752
6 16 3.2164666641630926
6 17 1.8475433070066694
6 18 3.5753526927559474
6 19 4.196375337441278
6 20 3.3408849622851258
6 21 1.370261442535746
6 22 2.246729505838794
6 23 2.8921614916993588
6 24 1.4644045281418405
6 25 2.7843149845733883
6 26 4.73472564044158
6 27 2.096441849479419
6 28 1.5295265131495999
6 29 3.896067471919515
6 30 1.4090459587994943
6 31 1.9599681548566101
6 32 3.3204895345621153
6 33 1.9697639103301943
6 34 2.079392918151439
6 35 1.8157390348197393
6 36 4.358572233480746
6 37 2.7406137965293373
6 38 2.900284232496577
6 39 1.699182837976132
6 40 3.761050901899904
6 41 1.6591642705346787
6 42 3.1519510917761577
6 43 4.565252102895039
6 44 1.5554260330585863
6 45 2.592557960852209
6 46 4.181416386587486
6 47 3.5339738729046224
6 48 4.691052794119509
6 49 1.2382003192784468
6 50 1.7995379412438988
6 51 1.531031132587318
6 52 1.161123838739675
6 53 3.5541575798981278
6 54 1.8137244068814713
6 55 2.976765827464001
6 56 2.904214079559655
6 57 1.7134659824735765
6 58 1.6407670212221022
6 59 2.7081254359165405
6 60 2.3537045465894306
6 61 1.5596791850768597
6 62 4.926906519762012
6 63 3.3146557525466376
7 8 2.094610465245716
7 9 3.245443962301854
7 10 4.840096077423409
7 11 1.8126007074140191
7 12 4.631153517574745
7 13 3.870861686190223
7 14 3.5523140877412502
7 15 2.179717673697035
7 16 4.78290643401377
7 17 4.752298781254298
7 18 1.4330769824407303
7 19 4.460136635823654
7 20 4.874449890578285
7 21 4.9456500210540195
7 22 4.60599697716296
7 23 2.372186318019855
7 24 2.1939855986945926
7 25 4.881610006876093
7 26 4.203018800573749
7 27 3.1107510709301573
7 28 1.809395164967941
7 29 2.781321589590165
7 30 3.5755630660416613
7 31 4.900119146934518
7 32 2.632714175908466
7 33 2.3251553275805343
7 34 1.8693238198627022
7 35 2.102777976530212
7 36 2.22899432628403
7 37 3.8239420229078944
7 38 1.1449617598415096
7 39 2.018080512497459
7 40 2.048495306467723
7 41 3.3045482425535284
7 42 3.721634288310375
7 43 2.964000587587309
7 44 4.788077345368576
7 45 2.2474124661576727
7 46 3.179273338864575
7 47 3.2043189992334864
7 48 3.088395064595682
7 49 1.7067614238007152
7 50 1.6151885250929472
7 51 1.000947911668168
7 52 4.9192142100952445
7 53 1.3339898666806143
7 54 4.49540778377764
7 55 3.467346836796507
7 56 2.096137457453411
7 57 2.5177610989769277
7 58 1.2957298187117856
7 59 2.604928792112697
7 60 1.6765982470413148
7 61 4.613612152062441
7 62 4.763774685649949
7 63 1.971480816058901
8 9 4.426015115127285
8 10 1.4433055967759243
8 11 2.6916415428332088
8 12 3.4472345431835003
8 13 4.936905864503199
8 14 3.127271927140501
8 15 1.9531769211562935
8 16 3.9639628663239836
8 17 1.780876711596794
8 18 2.1630906023090626
8 19 2.0712142812524714
8 20 3.3065620867259042
8 21 1.7121887414852797
8 22 1.5614156051111276
8 23 3.1559821155355126
8 24 2.1574367487289208
8 25 2.9496291105086554
8 26 2.6619334633720078
8 27 4.0118006259203085
8 28 3.4782939417654495
8 29 3.4540662725768625
8 30 2.152809087769706
8 31 3.5131422988242864
8 32 4.899086993630153
8 33 3.7818157567796646
8 34 3.7618145032460784
8 35 3.8361826922799844
8 36 4.9945183217921585
8 37 2.9769715568189152
8 38 2.8166743701035535
8 39 4.042145567145859
8 40 4.046354237420969
8 41 1.4174639946155572
8 42 4.997063824238817
8 43 4.7051435630553495
8 44 3.614126079896345
8 45 2.314417980677328
8 46 4.470409900079366
8 47 3.3816998990618132
8 48 1.524068689671009
8 49 4.544841025131528
8 50 1.2580502805038205
8 51 4.327783584435979
8 52 1.4537433720973292
8 53 4.543022264003218
8 54 1.8482659105924473
8 55 2.178243452397
8 56 4.5459494378534595
8 57 3.768243111907224
8 58 1.1698591308108486
8 59 1.458832928892427
8 60 3.1620214644071774
8 61 2.36153422187926
8 62 3.558791431946398
8 63 1.7252516133993043
9 10 2.7874367408980945
9 11 4.962824532516592
9 12 3.9756002809637563
9 13 3.851750117592221
9 14 1.0782128944533245
9 15 1.000634062509285
9 16 1.0616466651125842
9 17 1.2165223679415251
9 18 2.430900237454429
9 19 3.830204706883161
9 20 4.5020871251898225
9 21 2.668132546552346
9 22 4.3490108610039275
9 23 1.1654920761739729
9 24 2.7455239271967398
9 25 3.83093915399541
9 26 1.0419045861163005
9 27 4.470535707883528
9 28 2.573991080865899
9 29 3.2118275322823426
9 30 1.6157186984545566
9 31 4.145784823548986
9 32 4.4756900718016706
9 33 4.977566346215553
9 34 4.192279428584353
9 35 3.4975956045022265
9 36 4.44409968062372
9 37 4.4637818117119705
9 38 1.2920770840503875
9 39 4.667010134337854
9 40 4.186170253444145
9 41 3.74942425602564
9 42 1.25676917921432
9 43 1.5515724606217631
9 44 3.6347757516382115
9 45 1.7475414683161126
9 46 1.8540464599351902
9 47 1.9213989390209525
9 48 1.7439480391564914
9 49 3.90748232201851
9 50 3.361373169054041
9 51 2.576946640152156
9 52 4.542200455588527
9 53 3.1418951668319948
9 54 3.679089434271921
9 55 3.6398587963218567
9 56 1.5475248849060361
9 57 4.848365917056205
9 58 4.0732604903152065
9 59 4.7886389906322675
9 60 3.2040497806817845
9 61 2.0554702418197666
9 62 3.9768304744252063
9 63 3.84773951323005
10 11 4.579849950819479
10 12 2.9117168183093263
10 13 4.08875615563354
10 14 2.0902597025474163
10 15 1.4919429095224843
10 16 3.0018972136283484
10 17 3.711958896711817
10 18 2.2283363469898037
10 19 1.4756574479598874
10 20 4.118555904230538
10 21 3.227310860934938
10 22 2.031017029901431
10 23 2.652593451638932
10 24 1.1130392314411228
10 25 4.976213516306801
10 26 1.352743778169633
10 27 4.52288140829709
10 28 1.731767960560362
10 29 2.56881173963054
10 30 4.373453029796725
10 31 2.9167127259749703
10 32 1.8654971391767745
10 33 2.4935265739133032
10 34 1.4892167666664755
10 35 2.4357183412423598
10 36 2.1287182479671305
10 37 3.359634339575068
10 38 4.844653731802767
10 39 3.4320929374300606
10 40 2.337496229192951
10 41 3.6113515869856503
10 42 2.4353132428776973
10 43 4.037948460526574
10 44 4.87406759005335
10 45 3.8267798821415946
10 46 3.3200805466447028
10 47 2.3100289682258395
10 48 2.4300879690486554
10 49 1.348354303362051
10 50 4.609967696133568
10 51 4.390517229470369
10 52 2.6479422499281338
10 53 2.5802675922956473
10 54 1.7888381798705892
10 55 2.713809880360737
10 56 4.82644545922132
10 57 4.9426239293755465
10 58 3.802863061513605
10 59 1.1930504234020711
10 60 1.0174417131877673
10 61 1.0492430059549154
10 62 3.007195125674767
10 63 1.6690133643930016
11 12 2.815643062816443
11 13 4.332511617296099
11 14 2.169477092021453
11 15 3.035897118031949
11 16 4.329122644523776
11 17 1.4022506900262148
11 18 4.247181814068885
11 19 4.645697696293382
11 20 2.8316421359869786
11 21 4.686693605689118
11 22 2.4507630361557293
11 23 4.536861213811809
11 24 2.356348820623384
11 25 2.206544789355295
11 26 1.0761727228807825
11 27 3.594524404715842
11 28 1.6263479890909562
11 29 2.0325816252863436
11 30 1.7744978624858696
11 31 1.218122626340469
11 32 2.1375680254881657
11 33 3.6572839676811952
11 34 1.8685967765546243
11 35 4.2749467848741824
11 36 1.7733826396158152
11 37 2.0081413693930887
11 38 2.3851436671134696
11 39 2.436089201506308
11 40 2.2365797761087904
11 41 4.048079097360894
11 42 1.90349612036744
11 43 1.418175474786949
11 44 1.104562971195569
11 45 1.99751905082308
11 46 4.368405761406001
11 47 2.245686935547345
11 48 4.1227224763164845
11 49 3.436732796341738
11 50 4.4604947171755525
11 51 2.6866982878182513
11 52 3.6690421538212785
11 53 1.0911706935342949
11 54 1.1267569351607785
11 55 1.5479907032045483
11 56 4.672182259951079
11 57 2.2889580678188772
11 58 1.9379350907151847
11 59 1.0863259151100122
11 60 2.5032540168700037
11 61 2.5436433451799125
11 62 4.826110137397371
11 63 3.487990824129169
12 13 2.5617799620245085
12 14 4.785728603757039
12 15 1.1479477649340528
12 16 2.5640817116739982
12 17 1.456758720442664
12 18 2.846415251610103
12 19 1.8413735281472192
12 20 1.858624433146832
12 21 3.720819844453217
12 22 2.012013574137413
12 23 3.0124343035000227
12 24 1.4778618694330574
12 25 1.8614457387833019
12 26 3.403313083728327
12 27 1.2922495254937254
12 28 3.175913813283957
12 29 3.7164417096884623
12 30 2.5637915041507138
12 31 1.6960336165606207
12 32 2.9340738249327734
12 33 4.259757493629561
12 34 4.5479586576641475
12 35 3.9009169066611222
12 36 4.20884082104696
12 37 1.2243138330360561
12 38 4.10766507436191
12 39 1.4064044124141475
12 40 4.027972221214445
12 41 2.122763541650904
12 42 4.223920786796269
12 43 2.5711120799642297
12 44 1.6666118976574844
12 45 2.9593627114573855
12 46 1.973974281639797
12 47 3.735041906274727
12 48 2.728220856386255
12 49 1.4312562689190669
12 50 2.7022313396122186
12 51 4.6470837599365185
12 52 1.3833071601045153
12 53 3.191655995035573
12 54 2.2618324086113617
12 55 3.4921957103888137
12 56 4.355995166536314
12 57 1.959526042384765
12 58 2.993343034867707
12 59 2.5805467631190178
12 60 4.432591793607411
12 61 2.851307046767538
12 62 4.744755999699358
12 63 4.941768068203288
13 14 1.6141020569600806
13 15 3.0555172478594756
13 16 2.3368015988347484
13 17 1.9469711747687986
13 18 1.1427294369712127
13 19 1.717611439714985
13 20 2.3923572923001952
13 21 3.716555372298487
13 22 4.324641835108413
13 23 1.9732280773071689
13 24 3.513568907070519
13 25 2.5117153516486477
13 26 4.806403862773639
13 27 2.562226732364383
13 28 4.605559010449179
13 29 1.4387001286415146
13 30 3.8970688098006905
13 31 2.7872112438279744
13 32 1.2518305418590465
13 33 3.456936242166006
13 34 3.766798884738114
13 35 4.879181694165873
13 36 1.6813358717572808
13 37 1.4259200705552186
13 38 1.1949762190331614
13 39 4.597139025045491
13 40 1.9360312534328794
13 41 4.556753766835759
13 42 2.5109564926809895
13 43 2.9863654847319503
13 44 4.108730428403286
13 45 3.533211457828357
13 46 3.994751735203693
13 47 4.434874410374441
13 48 4.327951733171362
13 49 2.936267027793915
13 50 2.3135681608988286
13 51 4.785561418905265
13 52 2.6543762960544037
13 53 1.3421345045737643
13 54 2.726003666136546
13 55 2.6380654866147646
13 56 4.496418650180971
13 57 3.143172660520929
13 58 2.327457149410159
13 59 1.3917434189978652
13 60 4.172436554406622
13 61 1.3158540529968716
13 62 2.743734938947452
13 63 3.04406813821546
14 15 2.460442221854185
14 16 4.596920010264684
14 17 3.3966829952007656
14 18 2.5637319471258517
14 19 4.6332492452961125
14 20 1.762836322316661
14 21 2.285055737389026
14 22 2.2790870749018324
14 23 1.2811779798119436
14 24 2.160058267228356
14 25 1.1507437620325511
14 26 2.7097528655922267
14 27 3.219114631400121
14 28 1.5400585461574225
14 29 1.2588461578229921
14 30 1.799820215026862
14 31 2.5502797938906085
14 32 4.342694380646604
14 33 1.9417722384398148
14 34 1.8147933336153552
14 35 4.568471234662565
14 36 3.4412978377848544
14 37 1.7183461618073825
14 38 4.359914008293913
14 39 3.866282059965431
14 40 2.1925792730884144
14 41 1.0615233781778435
14 42 1.2819637218476339
14 43 4.499295736890489
14 44 1.0646457976883514
14 45 4.615767688785045
14 46 1.2134388375825584
14 47 2.8337345175663318
14 48 2.717544473353081
14 49 4.154084841249261
14 50 1.9805752466344435
14 51 2.3780549134591693
14 52 3.7972862569542905
14 53 2.8770702208114116
14 54 2.000113640379157
14 55 2.865892504649412
14 56 4.954111045802451
14 57 2.0382261644232735
14 58 4.850563943343713
14 59 2.9542735101809177
14 60 3.6072053468138328
14 61 4.175487964704489
14 62 1.0913310060565022
14 63 1.5184661036711944
15 16 1.7693744024644422
15 17 4.959570231201873
15 18 1.4744112515563046
15 19 3.2288276721170392
15 20 3.827260536696811
15 21 3.4420738625163034
15 22 4.816837014135554
15 23 1.0878336711591334
15 24 2.13246772641298
15 25 3.4758925871692155
15 26 4.363293250851855
15 27 2.9351946883060034
15 28 1.7073459365565054
15 29 3.8523383765123476
15 30 4.806936967384196
15 31 1.5102457391257849
15 32 1.8224197599030836
15 33 4.573089984566224
15 34 2.035470983051201
15 35 1.8740876265486817
15 36 3.5085826817410255
15 37 3.924654619907285
15 38 2.0231336983529262
15 39 3.4686836390954734
15 40 2.809686391567065
15 41 4.98799588625228
15 42 3.355469578864145
15 43 4.472905007316925
15 44 1.20017716666078
15 45 3.052819761082071
15 46 2.5973084187445155
15 47 1.5393527715977746
15 48 1.0463884871802227
15 49 2.4377191821473505
15 50 3.9995009465643423
15 51 4.620683381459101
15 52 4.376246569884703
15 53 4.1353668819638925
15 54 3.3122742435369186
15 55 4.913466732300055
15 56 4.172188527526554
15 57 1.3794652587952472
15 58 2.6936020537484398
15 59 2.183735117182644
15 60 4.706925741829081
15 61 2.0536827553041856
15 62 2.457981934115051
15 63 1.877042032191425
16 17 1.966332333512582
16 18 2.067863396179954
16 19 4.659420629601778
16 20 2.9705771863729757
16 21 2.115601171279787
16 22 3.2065099811291993
16 23 3.550017153314392
16 24 4.664983106411237
16 25 2.2536216608900785
16 26 4.145833391497552
16 27 4.544482658029857
16 28 2.1729929679392894
16 29 3.2712056328794366
16 30 4.788596793074776
16 31 2.5103755538845696
16 32 4.921887633444899
16 33 2.0297749336817605
16 34 1.1027156457699885
16 35 3.087645920455535
16 36 2.498249510249116
16 37 3.457717495466806
16 38 1.4518641926512044
16 39 4.556617464276867
16 40 2.42677276350122
16 41 3.9295280977180393
16 42 1.7148792081556499
16 43 1.9008107250698671
16 44 1.0253825445119258
16 45 2.6225871440565065
16 46 4.099583721898838
16 47 2.5928206416454445
16 48 3.981935783765425
16 49 3.1032614023523597
16 50 2.003253378390391
16 51 2.8266799075781432
16 52 4.365317112163513
16 53 1.6983728104823697
16 54 4.714530889487352
16 55 4.122979957409838
16 56 3.5850620935384234
16 57 3.9979346250780976
16 58 4.001159950972248
16 59 1.1311009077932281
16 60 3.2406995280959285
16 61 3.8801518324666167
16 62 4.835667192769442
16 63 3.4937420362957456
17 18 1.9362010127052192
17 19 4.811619443994792
17 20 4.522046655742473
17 21 2.965989851151045
17 22 3.186911876139175
17 23 1.4919058245751877
17 24 1.6577375006993345
17 25 1.4814643952968543
17 26 3.934262204290636
17 27 1.4476544525446329
17 28 4.195017258725632
17 29 1.0193962296384207
17 30 2.8067510910738975
17 31 2.4029710507629396
17 32 2.4589836079063967
17 33 4.22983200554352
17 34 2.1858944925674244
17 35 4.594069221783647
17 36 3.6031860904745687
17 37 2.6084158219573377
17 38 2.109712711837425
17 39 3.041269113028046
17 40 3.341181325744885
17 41 3.809117301232708
17 42 2.7632568517830753
17 43 3.7161690510094036
17 44 1.6814207229074514
17 45 3.9737286533345655
17 46 4.925958807467444
17 47 1.7396797204004324
17 48 3.060463256231127
17 49 2.196881034684717
17 50 3.9086971100131827
17 51 1.0414954568103645
17 52 4.334335234015856
17 53 1.4414415974502313
17 54 1.7127716985200125
17 55 2.6187232474097155
17 56 2.4484964496821022
17 57 1.220400584453429
17 58 3.47729693877389
17 59 4.577377298372717
17 60 4.658276911601657
17 61 3.4541839421305913
17 62 2.1337189778409753
17 63 2.4484288340091704
18 19 2.765136713893101
18 20 4.5686242095982745
18 21 2.612057293797334
18 22 3.1124121504896185
18 23 2.403003629631472
18 24 2.070202058391608
18 25 1.536309609019603
18 26 4.207383345033404
18 27 2.674638829419731
18 28 2.199212426119685
18 29 4.842954237463461
18 30 1.8046571487140928
18 31 2.255779579281931
18 32 1.140887450912353
18 33 4.643837459950241
18 34 4.782207158399876
18 35 3.8035790256848823
18 36 3.7709941164906597
18 37 3.3880910911565283
18 38 2.4887531709283075
18 39 1.4822085412925299
18 40 1.0826918262371388
18 41 2.288767935949396
18 42 4.8524769858848735
18 43 4.207766741855851
18 44 4.531156333342922
18 45 2.510909163693509
18 46 1.912493813504259
18 47 4.623969050834901
18 48 3.6696668420868206
18 49 1.2785762596838728
18 50 1.3841996371429341
18 51 3.1788944382659188
18 52 4.020259201043351
18 53 1.005783851441978
18 54 2.1687501584247877
18 55 2.347770903154171
18 56 2.46954142336702
18 57 2.8208987946707573
18 58 1.9841479523956744
18 59 3.6739593472805594
18 60 1.7237747521917468
18 61 4.956856621389457
18 62 4.8760469041504475
18 63 2.3045514783255836
19 20 4.855790272923459
19 21 1.6373406898996166
19 22 1.3586677493897268
19 23 1.8070983382257366
19 24 4.556743115103892
19 25 1.7748550688945732
19 26 4.243958926168476
19 27 2.2417623824736808
19 28 1.9003026338469544
19 29 1.7174218172676294
19 30 3.607687687260288
19 31 4.963483905838206
19 32 1.0875744585799092
19 33 4.521895797670256
19 34 2.656454136745478
19 35 4.198032399727292
19 36 2.0058514708539703
19 37 2.6572506364047723
19 38 4.3857488570112
19 39 4.119019074908057
19 40 2.1921969940934676
19 41 2.064428016545324
19 42 2.209660200018367
19 43 2.3715802181368533
19 44 4.701950795195833
19 45 3.3997826228119923
19 46 4.1245989796369145
19 47 3.496350833783537
19 48 3.645630967807502
19 49 2.2725026296073727
19 50 4.657347284864098
19 51 2.7463982711426427
19 52 4.403571425239832
19 53 1.42494396787017
19 54 4.74368033291557
19 55 3.055021859215931
19 56 3.2606538240706278
19 57 4.239790240437349
19 58 4.068140342061579
19 59 2.6234184755964
19 60 1.655134751455258
19 61 2.8863813564142107
19 62 1.9830452025426535
19 63 2.5156125096029416
20 21 3.5245001247510612
20 22 3.542061241158284
20 23 3.9407885129903715
20 24 4.553456086446326
20 25 2.930422302051142
20 26 4.049567948746409
20 27 4.169218640546225
20 28 3.3779130513365123
20 29 3.089027181298586
20 30 1.0997224694581442
20 31 4.102358648778981
20 32 1.0156686651572393
20 33 4.396105287826039
20 34 4.6342878191213694
20 35 2.79204312333187
20 36 2.5657613718799586
20 37 2.5721568268851547
20 38 2.7228202292766692
20 39 1.3588190799829416
20 40 1.0305735333373711
20 41 4.575113953250895
20 42 4.456045163157793
20 43 4.105407336400217
20 44 4.770416939746079
20 45 4.446693009939366
20 46 3.6601410772860024
20 47 2.1298420533975535
20 48 3.456106351228709
20 49 1.37792790790402
20 50 1.2151944725470978
20 51 2.5932635530338537
20 52 4.492780003797435
20 53 3.976890562809744
20 54 3.333449225853604
20 55 1.0153792843106904
20 56 1.487536644997089
20 57 4.7153539397284785
20 58 3.2815000042791653
20 59 2.843456684263535
20 60 2.6335048608965947
20 61 1.8669126316491367
20 62 2.333881922587468
20 63 4.902642738557844
21 22 4.682456463413398
21 23 4.377446452605593
21 24 4.271301168078162
21 25 4.607933620320114
21 26 4.8439894691644145
21 27 1.2005604026411865
21 28 4.807354673592933
21 29 2.2296745240402984
21 30 4.621854801505904
21 31 2.675477217610847
21 32 1.10234394140572
21 33 2.226643960306411
21 34 2.3170159617924035
21 35 2.4500939933587484
21 36 3.169638361185774
21 37 4.571247579713837
21 38 3.2334080761212896
21 39 4.51131485391682
21 40 2.004616154767976
21 41 4.923759603117296
21 42 1.7722826935705895
21 43 1.8885734018318852
21 44 1.807651836170566
21 45 2.1816611546684044
21 46 2.8566029552932966
21 47 1.6878592417876002
21 48 3.8610267694963123
21 49 4.947531384754071
21 50 1.0657628241168284
21 51 1.6627515858697368
21 52 2.9172682548044944
21 53 1.935031637675002
21 54 4.119017857535779
21 55 4.0329115589099445
21 56 2.6751326726686506
21 57 3.127813806640399
21 58 3.2440036402636676
21 59 4.6541699670301115
21 60 1.4179163707697549
21 61 1.5053052382874745
21 62 2.25289749961313
21 63 3.8620552840481452
22 23 1.0761353761043053
22 24 2.545622624145619
22 25 4.017887227636921
22 26 4.653233906990179
22 27 4.704284204088461
22 28 3.7686954771154593
22 29 3.2323773654308208
22 30 3.757427512402015
22 31 3.9549164115031226
22 32 1.883031957232503
22 33 2.3629286549812183
22 34 2.3305610840082593
22 35 1.4035465906175704
22 36 3.2176242399416624
22 37 4.13377340846387
22 38 4.473622575088157
22 39 1.6454806681943457
22 40 1.0968989735177064
22 41 3.534566199123521
22 42 2.6797761792459136
22 43 4.203694398978597
22 44 3.508004023272899
22 45 4.981145129893935
22 46 4.916110186517418
22 47 2.057189112305115
22 48 4.963841314853756
22 49 2.3969699087334186
22 50 2.0358139022119977
22 51 2.2923008139300785
22 52 4.525160447617049
22 53 2.474748143628147
22 54 1.8358826243752797
22 55 2.0544278679949435
22 56 4.162920616968483
22 57 1.883442678673763
22 58 3.159790955908088
22 59 4.103461894245079
22 60 2.6396875075195374
22 61 1.433896961737469
22 62 3.99050333061523
22 63 3.565571224468793
23 24 3.3393531890211774
23 25 4.1048156637603554
23 26 4.945794559933333
23 27 2.65542254352524
23 28 1.732715864256774
23 29 2.9110074656272618
23 30 3.408971945203076
23 31 4.468042854743996
23 32 2.1763043309104106
23 33 4.312742256336605
23 34 2.846482417516415
23 35 1.825228688577289
23 36 2.359659649839062
23 37 4.5623556711424165
23 38 2.651420901444279
23 39 2.6048154014212246
23 40 1.5604839697465134
23 41 2.847042335205978
23 42 2.5860149673923387
23 43 3.2274535686397186
23 44 1.046295387278497
23 45 4.326315714535124
23 46 3.1914973120186017
23 47 4.841079612541065
23 48 3.8898784367280608
23 49 1.4785488454318365
23 50 1.9338753271034617
23 51 3.249203268695688
23 52 1.132861519986636
23 53 1.7938279423041181
23 54 4.304605385812746
23 55 3.9557762242993237
23 56 4.910410130732239
23 57 1.450141406909458
23 58 4.974709649351914
23 59 3.115792910119613
23 60 3.2352550386691594
23 61 4.2751782816187
23 62 1.9279919518225204
23 63 3.954117814588163
24 25 2.628002211312231
24 26 2.7659613040610207
24 27 3.526141284243042
24 28 2.615248971713871
24 29 4.973901242526463
24 30 4.471117691878511
24 31 4.256455419921915
24 32 2.0776254222284707
24 33 2.4016430364954253
24 34 3.6011437293163566
24 35 4.887785027761315
24 36 4.125842911981758
24 37 4.975506419898984
24 38 2.4403470984225084
24 39 3.8815579707812304
24 40 2.053992516563007
24 41 1.3132649438204043
24 42 1.7077444338282421
24 43 2.3613303061735125
24 44 2.952221503723655
24 45 2.5770939396652635
24 46 4.698752609984165
24 47 3.139541166845587
24 48 3.378853715252559
24 49 4.385705799511478
24 50 4.912444614455671
24 51 3.5524394117774705
24 52 4.873854940942246
24 53 3.2001437705854436
24 54 2.904847107264945
24 55 1.690708891224825
24 56 3.137195348602873
24 57 2.102351996409268
24 58 4.596059285148061
24 59 1.7576756691033633
24 60 1.2322672481418904
24 61 1.0998554616942684
24 62 3.794821538927531
24 63 4.556072004124065
25 26 1.8794744951300406
25 27 3.636988963161642
25 28 3.595923131043998
25 29 2.604132791684783
25 30 1.1402476364283127
25 31 2.8141896722565183
25 32 3.1419922931462443
25 33 4.793914574142374
25 34 1.0733197020209788
25 35 2.1145535216819713
25 36 2.895028395468603
25 37 3.2777335896417563
25 38 4.322336603990722
25 39 4.37694036264278
25 40 1.4484696638456924
25 41 4.4933667620519095
25 42 1.7755253640701607
25 43 3.928876237488698
25 44 1.2325213546787182
25 45 3.736760565016258
25 46 4.197462530618193
25 47 3.0147783985039847
25 48 3.8475672264870098
25 49 3.649383532956431
25 50 3.362092027714622
25 51 2.817781852101606
25 52 1.6364127778531228
25 53 2.4179237448303326
25 54 2.272215171328338
25 55 1.3957135350823364
25 56 4.0104246755160124
25 57 3.8028676168666187
25 58 2.778788916452565
25 59 1.1852674999680382
25 60 4.046302354375452
25 61 2.7314003841905525
25 62 3.4074881034772337
25 63 2.9715198323574534
26 27 3.6924197694192076
26 28 1.9741640379041812
26 29 1.6941836865559
26 30 3.5829739070559765
26 31 2.357645568633529
26 32 3.4841121253501206
26 33 2.986237064962586
26 34 4.311996023253928
26 35 3.6249659082074515
26 36 4.913603955550029
26 37 3.775014852408964
26 38 3.357840942752602
26 39 4.3714235297004915
26 40 4.910486648408531
26 41 4.83592104995641
26 42 2.12251424021128
26 43 3.425571257527808
26 44 2.3047803770526762
26 45 1.1553955796005382
26 46 2.949868896800494
26 47 3.4631599873406254
26 48 4.920406640014235
26 49 2.777668337610801
26 50 2.703242296966616
26 51 4.400762591569116
26 52 3.719609091847321
26 53 3.9364985918308486
26 54 2.408427353295615
26 55 4.847080041854828
26 56 2.3954467044854986
26 57 4.548018421007871
26 58 2.9024806417145723
26 59 1.9613766156022003
26 60 2.529052024386325
26 61 4.5326332834517515
26 62 1.3182746653216073
26 63 2.0139114586562363
27 28 4.843684407287725
27 29 2.8443253090182274
27 30 1.683175685533925
27 31 1.0012422357565525
27 32 1.4917811149702032
27 33 4.729784748255181
27 34 3.7997942813207106
27 35 1.0808396185008924
27 36 3.802182280833349
27 37 3.992326350430753
27 38 4.486039694600333
27 39 3.7590572692146655
27 40 4.237421577019523
27 41 1.9741464887960958
27 42 3.880656728570572
27 43 1.484655239504547
27 44 4.960959098237321
27 45 1.0985859907763484
27 46 1.1766632621718571
27 47 3.017937265133891
27 48 4.8698350663801975
27 49 4.766798719100279
27 50 1.438119988173459
27 51 4.543545505064395
27 52 2.9533091133681224
27 53 4.8172704813055285
27 54 4.081930942116895
27 55 2.767358607702617
27 56 4.837576419842754
27 57 1.8968215559289652
27 58 3.13532753940112
27 59 2.680521709258166
27 60 1.7252375877465553
27 61 4.719793148749389
27 62 3.3449620322730063
27 63 4.493175159984427
28 29 4.077496665730348
28 30 2.7867099539459925
28 31 1.764586159423867
28 32 1.2582839558482313
28 33 2.7267339184237427
28 34 4.929267766137687
28 35 3.984036104849573
28 36 1.1825573623863526
28 37 3.743488819163347
28 38 4.586139261778818
28 39 2.9191596975129657
28 40 1.5720855344470408
28 41 4.112757059814766
28 42 2.1751040199821725
28 43 4.664530948188878
28 44 4.6893297130223015
28 45 1.512021101927874
28 46 4.382224356150133
28 47 3.941048369714853
28 48 4.7182474945196216
28 49 1.9424882114914301
28 50 4.79841232096658
28 51 1.2576554826209367
28 52 4.184658535340898
28 53 4.112761762427617
28 54 2.5677612370420766
28 55 1.1676236796695671
28 56 4.709774591559772
28 57 4.151334656705979
28 58 3.0847444751092734
28 59 2.124774647451196
28 60 3.255238311169078
28 61 4.754305989103056
28 62 4.251453770987801
28 63 4.022494090193727
29 30 4.028600588651797
29 31 1.6883114038583078
29 32 3.62485781752267
29 33 1.8221136873901953
29 34 2.0902855250401267
29 35 1.6347205044491786
29 36 4.520122377241468
29 37 2.131400562962366
29 38 3.2812873305362773
29 39 4.86867275630375
29 40 3.1145631090387815
29 41 4.604708565931037
29 42 2.625513893079296
29 43 3.756642056933769
29 44 1.6477657127164895
29 45 3.9015126107875515
29 46 4.888182700472962
29 47 2.6020519340800825
29 48 2.255644625815199
29 49 1.3434509441002565
29 50 3.93081938887656
29 51 2.923900055204378
29 52 2.811864563980259
29 53 1.474977284266651
29 54 1.1668323067231037
29 55 4.037694885324272
29 56 1.8532057080361701
29 57 1.3136409534117983
29 58 3.3538702466210144
29 59 3.6872340226978615
29 60 2.2622524724208897
29 61 4.298538638237474
29 62 2.984695352904659
29 63 2.991499762118298
30 31 2.761847281870466
30 32 2.2189098085033527
30 33 4.521745753646362
30 34 1.260857975491391
30 35 4.113365458493094
30 36 4.684150280664916
30 37 4.764807817200465
30 38 1.0167107999525773
30 39 1.452131527052622
30 40 1.351055842183127
30 41 1.7715978576006823
30 42 1.4306783023441185
30 43 2.872128928881326
30 44 2.7327646174682303
30 45 4.546101805526089
30 46 2.3606893138918554
30 47 1.6043106267098768
30 48 4.203933174466397
30 49 4.390560784587744
30 50 2.2062006049577008
30 51 3.670998301860343
30 52 1.2854991932955913
30 53 2.979780124995797
30 54 2.285747077934978
30 55 3.8007237373195135
30 56 3.4567543764096262
30 57 3.8980217346587236
30 58 2.1243127864695244
30 59 4.2959496828067705
30 60 1.7948005807021774
30 61 4.2446386166579
30 62 1.0315630223918828
30 63 3.673392966486408
31 32 1.6617169748828329
31 33 4.194133280083182
31 34 2.0079043884389325
31 35 4.74622038061992
31 36 1.904699962930736
31 37 4.483045755540612
31 38 3.449119869232184
31 39 3.0161508312792544
31 40 1.9697927371314443
31 41 1.0749021483431198
31 42 3.666967097715951
31 43 2.7006704083282367
31 44 3.6089898385220542
31 45 4.515254823021901
31 46 3.7526656434446117
31 47 3.391354358840934
31 48 3.580126370646224
31 49 1.6467244877895695
31 50 3.0553513366752614
31 51 4.145850671127959
31 52 4.7682967794936575
31 53 3.452913215480564
31 54 3.95444549625455
31 55 1.5768315568708093
31 56 2.434144210919866
31 57 2.3991079203720775
31 58 1.466918756945506
31 59 4.889939485974956
31 60 4.331010154840987
31 61 3.705780880148196
31 62 4.875159002702054
31 63 3.371535231174725
32 33 4.821658077737901
32 34 4.844036210271209
32 35 2.5908204266289254
32 36 2.383030362787888
32 37 4.499686737719975
32 38 2.8264109897525143
32 39 2.3571456371253627
32 40 3.882862863355967
32 41 4.476103378289915
32 42 2.220657263088046
32 43 1.9740094060284
32 44 3.94097813846223
32 45 1.863616303465161
32 46 3.6451933394748584
32 47 4.3506319587925955
32 48 2.3082546431708755
32 49 4.039640040875751
32 50 1.0920335025982881
32 51 1.4472579702964965
32 52 2.9482806711336624
32 53 2.4897803398794043
32 54 3.9926872176513886
32 55 4.769714010287027
32 56 4.613548129093621
32 57 3.045477890145322
32 58 4.457366669315566
32 59 4.826747715012037
32 60 3.406030894393219
32 61 2.308713688094889
32 62 2.2892888542521437
32 63 2.650243700521477
33 34 1.7388426018533663
33 35 1.6579750422248876
33 36 4.164553946151675
33 37 4.027301596702721
33 38 3.039361723698419
33 39 3.81008156552425
33 40 3.5786667516529542
33 41 2.022791002557877
33 42 2.3309956813267205
33 43 3.8558175113022735
33 44 3.3345833136632392
33 45 1.3349490941426905
33 46 4.32022190665034
33 47 3.7860111704291266
33 48 4.272527191490876
33 49 4.143981023514694
33 50 1.7231236746378862
33 51 4.611194115675716
33 52 4.709285098705859
33 53 2.878646519628751
33 54 1.9599132456300041
33 55 2.147097809049134
33 56 3.597330565499881
33 57 1.71892727322853
33 58 2.5514118540519672
33 59 1.2709505037002717
33 60 1.40558358195267
33 61 3.7544512041572924
33 62 1.4001406053545673
33 63 2.579970674926272
34 35 1.170349082755493
34 36 2.5537522202289122
34 37 1.7188311502131572
34 38 3.847601302102365
34 39 1.946637555668052
34 40 4.392008399081112
34 41 4.184111037975432
34 42 4.883423770899844
34 43 3.938799529461047
34 44 4.015341598935251
34 45 3.9550389013948233
34 46 2.003339400547774
34 47 3.7130728166037206
34 48 4.475268842879474
34 49 1.6303688785748527
34 50 1.3323564498698168
34 51 2.514346065551452
34 52 4.017374581402116
34 53 3.6114651638117756
34 54 4.028654860094039
34 55 4.6797754126231315
34 56 2.5316711979307938
34 57 2.116406000447835
34 58 2.076417344782865
34 59 3.8897902263192954
34 60 3.8034536941574335
34 61 1.2746827100462754
34 62 4.625442354788259
34 63 2.874426001353538
35 36 1.802556484250562
35 37 2.4089724626219344
35 38 4.856490792224745
35 39 2.255597819846728
35 40 4.778299236839639
35 41 4.116241449690246
35 42 3.239955219381684
35 43 3.9793025878962887
35 44 3.7864800042000817
35 45 3.370393415226645
35 46 3.493949796933167
35 47 3.9687633209471542
35 48 3.3801797401626263
35 49 3.4413804001238577
35 50 2.573333268980918
35 51 1.0602073024646446
35 52 1.8382375517821758
35 53 3.871403406458412
35 54 1.819295376105564
35 55 1.1347886080913852
35 56 4.60700858602488
35 57 1.2824862256508274
35 58 4.35910594149591
35 59 4.258941454976968
35 60 4.321771711321654
35 61 1.8370838568805672
35 62 3.805062765670241
35 63 2.068169848593274
36 37 2.7480473869250086
36 38 2.8681484995405033
36 39 2.8417327108331087
36 40 1.6182362481895969
36 41 2.1012385144414116
36 42 4.787485237842674
36 43 1.357797696115436
36 44 2.8967667056339548
36 45 2.41570916157335
36 46 1.2853675282312436
36 47 1.7151369299642054
36 48 3.5356731645517225
36 49 4.600295026640817
36 50 3.7570607256316477
36 51 1.2020076400853146
36 52 2.0857694072980943
36 53 4.048764052385623
36 54 3.627375464828194
36 55 4.590413075810285
36 56 1.6283009627834368
36 57 4.836321681523518
36 58 3.06134394961315
36 59 1.4548402856011
36 60 4.088819305847197
36 61 3.3429052425741195
36 62 1.2694451504058164
36 63 4.999682561905025
37 38 4.521581111767299
37 39 4.693117855443898
37 40 4.203597111411592
37 41 4.411211862223012
37 42 1.3746952861166526
37 43 3.6408299107485
37 44 2.1146461278909805
37 45 3.6707861415074037
37 46 3.1838643390615466
37 47 2.0872148230880074
37 48 3.009755607256284
37 49 4.765887060312208
37 50 4.609161066063091
37 51 4.358362285897991
37 52 1.691335981855715
37 53 2.0198410221988974
37 54 1.9530005637507144
37 55 2.4489964102692596
37 56 1.7296809681438967
37 57 3.9489926258097516
37 58 1.027193445156536
37 59 1.951059588281213
37 60 3.7466924209561383
37 61 3.5146047430197704
37 62 4.448722814168198
37 63 2.617898952784862
38 39 4.559100230858114
38 40 4.998520944873324
38 41 4.209779467685033
38 42 1.897561078030921
38 43 1.307199640760925
38 44 1.5684842672049029
38 45 1.8637085270144809
38 46 2.818471105526449
38 47 2.1526849961250285
38 48 1.3151650996286874
38 49 1.7318311621776266
38 50 2.167812122814938
38 51 3.915861354043886
38 52 3.476423873878171
38 53 4.034113907641164
38 54 3.945258881019027
38 55 1.782300412859271
38 56 4.8967709999383775
38 57 4.08644597083767
38 58 3.2721355354459645
38 59 2.008950404469216
38 60 2.7944744060613353
38 61 1.1660988293892713
38 62 4.557371506808906
38 63 4.4332161469421205
39 40 2.0809712819129924
39 41 2.5158010614961905
39 42 2.9215888417912947
39 43 3.1897548324555745
39 44 4.205859956921254
39 45 3.439318545885958
39 46 1.1810960218519435
39 47 1.6823277887351873
39 48 4.47964446382572
39 49 1.7401519124944351
39 50 1.5607521456703703
39 51 1.4380725533045862
39 52 1.093224991953309
39 53 2.573535703866579
39 54 4.544308840671546
39 55 3.73886682387696
39 56 4.0162854763681315
39 57 1.7888347709124797
39 58 4.446839837681105
39 59 4.95156805401327
39 60 1.8911975223967308
39 61 4.582256749604397
39 62 1.8734214820142916
39 63 4.035428146720955
40 41 3.365643383639366
40 42 4.72279006602199
40 43 4.936199321422282
40 44 2.834691490907462
40 45 2.3151504345355893
40 46 2.9724677913259856
40 47 4.361441298103713
40 48 4.196030383106321
40 49 3.925527841331175
40 50 1.6799221287213841
40 51 4.523085215962741
40 52 2.9540851142307765
40 53 2.7336106204949906
40 54 4.407303003478804
40 55 1.845400265161159
40 56 3.3447893169297305
40 57 2.235344452376975
40 58 3.5406378362857454
40 59 3.745063246805105
40 60 3.117297640137819
40 61 3.6284594727737525
40 62 4.754083924136363
40 63 3.016468442469862
41 42 4.343319713050627
41 43 1.535992996183348
41 44 3.4770213356564295
41 45 4.664394037309377
41 46 1.98441852926263
41 47 2.976774660211083
41 48 3.0005473798122937
41 49 2.329404799062226
41 50 2.6102439919863767
41 51 1.7285745536949828
41 52 3.944187581330451
41 53 2.408042666962557
41 54 1.0541416535241797
41 55 3.761832073482199
41 56 2.2592888522064634
41 57 4.865162382251473
41 58 1.706042559157079
41 59 3.936362035966705
41 60 3.2379585094667647
41 61 4.424148850098783
41 62 3.259898142970512
41 63 4.730416901368253
42 43 2.966159000164429
42 44 2.230699226361909
42 45 4.534701079798269
42 46 4.183139489754615
42 47 1.3963128154738418
42 48 4.14454214451189
42 49 1.8600326466583201
42 50 2.38169929158379
42 51 4.724383422913736
42 52 1.388617699865006
42 53 2.735230659272972
42 54 4.485687192582804
42 55 4.11509900588915
42 56 1.5090727421639638
42 57 2.9780475370581425
42 58 3.336543992387573
42 59 1.7775914571028903
42 60 3.1280828241405967
42 61 2.2278130145487802
42 62 3.799506694019352
42 63 2.340142118006989
43 44 4.216720993760078
43 45 4.031360593178417
43 46 3.3722748044629363
43 47 4.867453208751522
43 48 2.0345096680609456
43 49 4.304325190802736
43 50 2.311913217283809
43 51 3.14194844252574
43 52 4.622541379198545
43 53 4.744140151607885
43 54 1.8839272544765278
43 55 2.4933577506371707
43 56 4.015462553436958
43 57 1.6973016524585285
43 58 4.912731035433958
43 59 4.19648141783372
43 60 3.546722960942321
43 61 2.9202419647272992
43 62 1.3336019300466897
43 63 3.697651155068492
44 45 2.9332193557098547
44 46 3.471622023338743
44 47 4.412954185560457
44 48 2.417985255411725
44 49 1.2010651545881839
44 50 3.497760990787481
44 51 2.7365884391757347
44 52 3.9126261935482827
44 53 3.4913201836291985
44 54 4.945164498900322
44 55 4.775716807671881
44 56 4.561139483721851
44 57 1.8415793272986982
44 58 4.882829115745588
44 59 2.8812650428848787
44 60 2.3516845921760847
44 61 4.355479828678295
44 62 3.114385064324136
44 63 1.2590902856375927
45 46 4.628759989279095
45 47 1.9437285088892429
45 48 3.4292530584095027
45 49 2.418993274446513
45 50 4.549004643777394
45 51 3.963247622729263
45 52 3.854434543191153
45 53 4.736533309744777
45 54 3.383128666640922
45 55 2.8321051229450753
45 56 3.9291317922992706
45 57 4.725247522202279
45 58 2.8541182602716635
45 59 4.774196516353917
45 60 2.244047531018375
45 61 3.8361115508930843
45 62 3.2179501425322643
45 63 2.2814208586969595
46 47 4.048610034761766
46 48 3.3545181284652457
46 49 4.930084958951505
46 50 3.2743483997526037
46 51 3.1901042754198365
46 52 2.0003920511193494
46 53 4.956579250008574
46 54 2.9152359354430435
46 55 4.649396365994729
46 56 4.637093630659509
46 57 1.4668727524627423
46 58 1.0025827771779552
46 59 4.691987606479534
46 60 1.1706190759704294
46 61 3.926983702750364
46 62 2.0007389876827593
46 63 3.7162171083594853
47 48 1.6831311676486966
47 49 2.558550152505491
47 50 1.7553305425814592
47 51 4.8599767324922825
47 52 1.8453530076065068
47 53 3.696125779685942
47 54 4.768830752564294
47 55 2.2507239052630226
47 56 2.5713077690681807
47 57 2.367458793991761
47 58 4.14308538618905
47 59 4.454753353210466
47 60 3.711624077452244
47 61 1.0932513156501145
47 62 3.5602371675324527
47 63 4.179583682614983
48 49 2.8899547482960597
48 50 4.175048567996525
48 51 1.658081488524299
48 52 3.71239542986619
48 53 2.962351063531203
48 54 1.9527079326028098
48 55 4.887170519884103
48 56 4.9416620532559605
48 57 3.3349695321963266
48 58 3.3258050392100507
48 59 3.993527513539727
48 60 2.804898828275604
48 61 3.573246805411981
48 62 2.230307184759966
48 63 4.095911464221718
49 50 2.460805428611036
49 51 1.3181997810971011
49 52 4.973773822266276
49 53 2.1231772166221323
49 54 2.364762725420608
49 55 3.027384890922686
49 56 3.127265039379706
49 57 1.1360888310810542
49 58 4.251103693892704
49 59 1.403735269754637
49 60 3.9066514069520775
49 61 4.989759867796208
49 62 3.727346070241915
49 63 2.78281956247704
50 51 3.2005004509252193
50 52 1.6857283217178813
50 53 2.342282892091483
50 54 4.481523686542886
50 55 1.1764612392287992
50 56 1.6112817292342902
50 57 4.828824359354259
50 58 4.737991876926232
50 59 1.0093635863713657
50 60 2.1552274494615666
50 61 1.0979965422573934
50 62 4.6798489950708975
50 63 1.9051332710834008
51 52 4.708610980396949
51 53 3.9721405720903564
51 54 2.234505252466617
51 55 3.4507330401811225
51 56 3.315912528049995
51 57 1.1443955778342838
51 58 4.4942779542599105
51 59 2.818210922677286
51 60 1.0237416361162226
51 61 2.9359634111354493
51 62 2.952193456293952
51 63 1.8612588148088731
52 53 4.354389511316549
52 54 3.7437885461701397
52 55 1.5957978062226323
52 56 2.0497725708191203
52 57 4.471268895956571
52 58 1.6579343159190598
52 59 4.91850119285559
52 60 3.7876756449338465
52 61 2.004012823130212
52 62 3.6187241765472655
52 63 1.3415235313808807
53 54 4.567951285943607
53 55 3.157489360782099
53 56 1.1353048705700242
53 57 3.8874736872039137
53 58 4.091979074054768
53 59 4.556202730912951
53 60 3.2553845526211918
53 61 3.876489972717688
53 62 3.623341417838
53 63 2.2538886761163073
54 55 2.357822555974549
54 56 2.667408625718557
54 57 4.053740870187843
54 58 3.901520567704514
54 59 4.947911655863729
54 60 1.3585087038141408
54 61 2.063554287613069
54 62 4.865704262566284
54 63 1.431884834858074
55 56 1.3623018734260972
55 57 4.708147642910125
55 58 2.730235332105675
55 59 1.0619942183802018
55 60 1.2620487336765622
55 61 4.288846199941295
55 62 3.8451846027712526
55 63 2.124428419535887
56 57 4.727647900663242
56 58 2.1507998155308883
56 59 4.112851762357947
56 60 4.175477246140408
56 61 3.7253250664317576
56 62 2.863771270568303
56 63 3.3458736158740012
57 58 1.1915255294854972
57 59 3.0557504455216464
57 60 2.478054730765638
57 61 1.71918921389597
57 62 2.101265169406876
57 63 1.1327933895048758
58 59 1.1584007028859578
58 60 2.752146615914364
58 61 4.673342497905093
58 62 2.25844028351988
58 63 1.919203896467475
59 60 2.0945610042200613
59 61 3.6372760527441668
59 62 4.49125080648281
59 63 2.5502018348039517
60 61 1.6070931599422726
60 62 4.4617161066828
60 63 2.6365596362228354
61 62 4.482193166321003
61 63 1.9521564094664061
62 63 4.8300385020103205
