64
72
0 1 2.420808655736993
1 2 2.3262288076073085
2 3 3.459459319941932
3 4 2.621412138755689
4 5 3.4546841720091517
5 6 1.0021617501536042
6 7 2.277192120799898
7 8 4.9990894886750805
8 9 4.900412678466356
9 10 1.1441041579541493
10 11 3.121519613590603
11 12 3.278548489045378
12 13 4.766961724585437
13 14 4.419421581647889
14 15 4.700040308589442
15 16 4.610442024081188
16 17 3.3567805363075336
17 18 4.226067553097701
18 19 2.6019474868515546
19 20 1.9761384078768436
20 21 3.295745570165767
21 22 3.2184533812501472
22 23 2.715692149687673
23 24 4.182334950499568
24 25 3.6816672259916903
25 26 2.211414741914191
26 27 1.7549392631078087
27 28 4.613229530925155
28 29 4.3612942620771165
29 30 3.358702863706878
30 31 3.92684626585819
31 32 3.2616657366871333
32 33 3.3763533371502565
33 34 1.6341717526704214
34 35 2.666370594024408
35 36 3.9760707914160403
36 37 4.456874074725831
37 38 2.214737959629027
38 39 2.6342811876734493
39 40 4.215886699275343
40 41 2.0909721177440717
41 42 2.5171479875350604
42 43 1.4036768124881922
43 44 3.286490569524954
44 45 1.0602198976669595
45 46 1.8330657648455322
46 47 3.429187813722035
47 48 2.498735387118534
48 49 4.817421903260097
49 50 1.5880681058630044
50 51 1.618192164251699
51 52 3.68146950319499
52 53 2.003876540671948
53 54 4.744445072588066
54 55 1.0961325700094364
55 56 4.689265174680038
56 57 4.92282894011057
57 58 1.4899721936574957
58 59 1.2807445084681826
59 60 2.4799227777645414
60 61 1.8496180884517384
61 62 4.6503040760624135
62 63 3.146695982336885
25 39 3.5632446198315675
3 40 4.053813863316831
50 14 3.2348112870620627
23 4 2.6701739788810315
33 1 4.905640426860796
30 8 2.4487666275128293
20 1 4.7538448568702965
48 38 3.0304301405003713
21 33 3.5675233002733036
