4: [0, 0, 0, 0, 0]
16: [0, 0, 0, 0, 0]
32: [995800, 0, 0, 0, 0]
64: [0, 0, 998000, 0, 0]
128: [0, 1025700, 976200, 984300, 997300]
256: [1967400, 1143000, 3613400, 0, 0]
512: [5830000, 3024700, 2989500, 3992000, 2991200]
1024: [6973300, 6957600, 6011600, 5984000, 6981700]
2048: [13962200, 12965200, 11973300, 5611000, 15646800]
4096: [29281200, 12043500, 31270600, 15621100, 31242500]
8192: [59860800, 46891600, 46865400, 46862500, 46865700]
16384: [109718800, 115072500, 106714700, 94489400, 124943300]
32768: [237254800, 223398400, 221408100, 220382600, 215577800]
65536: [456558000, 468639200, 469032500, 499883600, 437752700]
131072: [975215200, 952899200, 953279000, 937612000, 984476900]
262144: [2023955500, 2016289600, 2063469300, 2079498400, 2078751100]
524288: [4339927500, 4326461000, 4198389200, 4145443400, 4241993700]
