4: [0, 0, 0, 0, 0]
16: [0, 0, 0, 997800, 0]
32: [0, 0, 997300, 0, 0]
64: [997500, 1026600, 0, 997100, 0]
128: [967600, 1027700, 995700, 969300, 1027400]
256: [2029500, 1988100, 1982400, 1999400, 1973700]
512: [4017100, 4958900, 3020700, 4958000, 3990500]
1024: [8975100, 8003300, 7953600, 8977600, 7977600]
2048: [17951400, 19945600, 20945100, 16982200, 16954300]
4096: [34906700, 33909600, 32883700, 33909500, 33909400]
8192: [73184600, 62485200, 62511900, 74706600, 78107100]
16384: [132400400, 152694100, 124970100, 156213600, 138446600]
32768: [292220900, 290221500, 287232300, 286164000, 288257500]
65536: [655352100, 632566700, 622003000, 650984600, 624940500]
131072: [1366158100, 1344405500, 1385154100, 1362801900, 1345403000]
262144: [2916205400, 2921542900, 2888280100, 2904235200, 2924411600]
524288: [6352391700, 6298945100, 6228185200, 6290925700, 6308719100]
