4: [0, 0, 0, 0, 0]
16: [0, 0, 1027700, 273100, 0]
32: [1026300, 996400, 0, 970000, 1024900]
64: [1996300, 967800, 1994800, 2019400, 1970100]
128: [3988700, 3989300, 3989000, 3989900, 3988700]
256: [9974300, 10001500, 11938900, 9973300, 7196000]
512: [30044400, 12041200, 31270100, 31243000, 31243400]
1024: [79091500, 54599100, 93701100, 76999000, 68815500]
2048: [217420400, 214395900, 214455600, 210436900, 209268400]
4096: [774525900, 715962900, 792016300, 770061800, 713099100]
8192: [2763590300, 2691677400, 2545753000, 2614153800, 2772256200]
16384: [9735616800, 10031525100, 9889510300, 9952812700, 10279198100]
32768: [37837270500, 38711422800, 38559209300, 39064541700, 38825111900]
65536: [154329851400, 155660361700, 154543596500, 156619599700, 156059621300]
131072: [613504652400, 603626917700, 610003073700, 610840897600, 609587149300]
262144: [2378694973500, 2410660312500, 2412205558400, 2371089569000, 2379168336800]
524288: [9664710935600, 9510424835700, 9490645915100, 9666148573200, 9534181412800]
